0 0.01875 0.85625 0.0375 0.0359375
0 0.15625 0.2859375 0.021875 0.025
0 0.23125 0.3125 0.0359375 0.0296875
0 0.265625 0.2046875 0.0421875 0.025
0 0.296875 0.1765625 0.0265625 0.0203125
0 0.353125 0.1875 0.0203125 0.0328125
0 0.6 0.5578125 0.021875 0.00625
0 0.625 0.6546875 0.0328125 0.0265625
0 0.7734375 0.5859375 0.0453125 0.028125
0 0.7890625 0.628125 0.04375 0.03125
0 0.7859375 0.5171875 0.0265625 0.0234375
0 0.8234375 0.8421875 0.03125 0.021875
0 0.8453125 0.815625 0.0140625 0.0109375
0 0.9765625 0.4203125 0.0140625 0.0265625