0 0.0625 0.31875 0.0140625 0.025
0 0.2234375 0.203125 0.1328125 0.071875
0 0.31875 0.809375 0.1765625 0.04375
0 0.33125 0.51875 0.0421875 0.05625
0 0.3484375 0.3125 0.0109375 0.021875
0 0.3734375 0.503125 0.0421875 0.046875
0 0.5 0.3453125 0.0109375 0.0125
0 0.50625 0.371875 0.015625 0.01875
0 0.521875 0.33125 0.0390625 0.075
0 0.5421875 0.3328125 0.0140625 0.0125
0 0.5453125 0.378125 0.0125 0.0046875
0 0.54375 0.3625 0.0078125 0.0125
0 0.6046875 0.3234375 0.1234375 0.0984375
0 0.55625 0.365625 0.0109375 0.0140625
0 0.5609375 0.3484375 0.01875 0.0171875
0 0.56875 0.3859375 0.015625 0.0109375
0 0.5703125 0.3625 0.009375 0.009375
0 0.5765625 0.4015625 0.015625 0.021875
0 0.5828125 0.3453125 0.0140625 0.0140625
0 0.5859375 0.359375 0.01875 0.015625
0 0.6015625 0.3875 0.0125 0.0171875
0 0.603125 0.4046875 0.0140625 0.015625
0 0.6140625 0.3875 0.0140625 0.0125
0 0.6609375 0.3078125 0.0171875 0.015625
0 0.9671875 0.4609375 0.0625 0.0453125