0 0.24375 0.3453125 0.1125 0.06875
0 0.253125 0.2953125 0.03125 0.021875
0 0.3515625 0.6 0.178125 0.1921875
0 0.3125 0.221875 0.028125 0.021875
0 0.4734375 0.3125 0.0375 0.021875
0 0.4890625 0.2546875 0.065625 0.0484375
0 0.5078125 0.3234375 0.025 0.021875
0 0.5328125 0.3546875 0.025 0.0265625
0 0.6140625 0.4125 0.053125 0.0328125
0 0.628125 0.3078125 0.0546875 0.040625
0 0.703125 0.2953125 0.040625 0.025
0 0.7375 0.7734375 0.1015625 0.0640625
0 0.7515625 0.16875 0.04375 0.0390625
0 0.7890625 0.4796875 0.0546875 0.0515625
0 0.796875 0.1734375 0.05625 0.021875
0 0.815625 0.15 0.046875 0.025
0 0.8390625 0.3375 0.0328125 0.0171875
0 0.8484375 0.2328125 0.05 0.028125
0 0.88125 0.4328125 0.053125 0.0484375
0 0.9078125 0.4953125 0.09375 0.078125
0 0.8890625 0.2015625 0.05 0.021875
0 0.940625 0.403125 0.025 0.021875
0 0.9859375 0.240625 0.0265625 0.0421875
0 0.9921875 0.7390625 0.0140625 0.05