0 0.03125 0.2921875 0.0625 0.1109375
0 0.059375 0.5625 0.1171875 0.1359375
0 0.5 0.5 0.9984375 0.6625
0 0.0390625 0.484375 0.0625 0.0828125
0 0.0984375 0.215625 0.0875 0.09375
0 0.1046875 0.31875 0.096875 0.115625
0 0.09375 0.6359375 0.0734375 0.0796875
0 0.2046875 0.7859375 0.1796875 0.090625
0 0.1796875 0.703125 0.1 0.0671875
0 0.18125 0.303125 0.0609375 0.0796875
0 0.2328125 0.6140625 0.11875 0.1421875
0 0.2078125 0.7578125 0.046875 0.0359375
0 0.2390625 0.24375 0.078125 0.1046875
0 0.3046875 0.4984375 0.1 0.128125
0 0.3328125 0.409375 0.0921875 0.1078125
0 0.309375 0.7703125 0.03125 0.021875
0 0.359375 0.3125 0.0875 0.109375
0 0.3640625 0.24375 0.046875 0.05
0 0.3859375 0.196875 0.065625 0.0515625
0 0.4109375 0.2625 0.078125 0.0921875
0 0.421875 0.6484375 0.0609375 0.059375
0 0.4890625 0.6125 0.1140625 0.121875
0 0.4828125 0.3328125 0.0875 0.0828125
0 0.471875 0.81875 0.05 0.0265625
0 0.4875 0.4 0.071875 0.09375
0 0.5109375 0.2671875 0.0859375 0.078125
0 0.509375 0.7359375 0.0734375 0.0625
0 0.515625 0.7859375 0.034375 0.028125
0 0.603125 0.6078125 0.0875 0.0375
0 0.6 0.3234375 0.078125 0.1
0 0.60625 0.5390625 0.0890625 0.1078125
0 0.65625 0.6953125 0.153125 0.1875
0 0.6375 0.3921875 0.109375 0.096875
0 0.6625 0.1828125 0.075 0.028125
0 0.70625 0.53125 0.140625 0.1625
0 0.7171875 0.7890625 0.1359375 0.0859375
0 0.7140625 0.31875 0.078125 0.0984375
0 0.6984375 0.75625 0.0375 0.01875
0 0.875 0.70625 0.25 0.25
0 0.8234375 0.2328125 0.140625 0.128125
0 0.809375 0.3390625 0.0625 0.075
0 0.8375 0.5421875 0.0859375 0.10625
0 0.9640625 0.2828125 0.0703125 0.0984375
0 0.965625 0.603125 0.0671875 0.1234375
0 0.98125 0.25 0.0375 0.1125