0 0.0296875 0.6640625 0.0203125 0.015625
0 0.05 0.7375 0.0375 0.0296875
0 0.0640625 0.696875 0.03125 0.0265625
0 0.11875 0.653125 0.0484375 0.0328125
0 0.1625 0.7578125 0.0265625 0.0203125
0 0.2734375 0.7109375 0.0203125 0.0140625
0 0.3078125 0.740625 0.028125 0.03125
0 0.3234375 0.709375 0.0234375 0.0265625
0 0.365625 0.7765625 0.03125 0.0390625
0 0.4125 0.8109375 0.01875 0.01875
0 0.4625 0.6828125 0.0515625 0.0265625
0 0.4953125 0.78125 0.071875 0.0390625
0 0.540625 0.7328125 0.03125 0.0203125
0 0.5515625 0.6328125 0.0484375 0.0359375
0 0.5625 0.7203125 0.0375 0.0265625
0 0.6984375 0.51875 0.2296875 0.1328125
0 0.603125 0.678125 0.0265625 0.01875
0 0.60625 0.740625 0.0234375 0.0203125
0 0.709375 0.7703125 0.015625 0.021875
0 0.746875 0.7578125 0.015625 0.0203125
0 0.83125 0.7265625 0.025 0.015625
0 0.8625 0.675 0.0140625 0.0109375
0 0.8921875 0.678125 0.015625 0.009375
0 0.8953125 0.7984375 0.0203125 0.0140625
0 0.9 0.7875 0.021875 0.015625
0 0.946875 0.775 0.0109375 0.0203125