0 0.64375 0.515625 0.128125 0.1390625
0 0.1375 0.878125 0.1015625 0.1234375
0 0.175 0.1453125 0.1703125 0.1578125
0 0.1875 0.765625 0.146875 0.1
0 0.16875 0.503125 0.0859375 0.13125
0 0.221875 0.590625 0.1515625 0.1078125
0 0.25625 0.4921875 0.1203125 0.128125
0 0.25625 0.8234375 0.0796875 0.1359375
0 0.3359375 0.696875 0.0625 0.0734375
0 0.3515625 0.5390625 0.04375 0.0875
0 0.434375 0.48125 0.1015625 0.1078125
0 0.484375 0.5078125 0.08125 0.096875
0 0.50625 0.5296875 0.084375 0.146875
0 0.55625 0.34375 0.0625 0.071875
0 0.6453125 0.078125 0.1609375 0.125
0 0.6328125 0.2125 0.05 0.0421875
0 0.734375 0.184375 0.1328125 0.1359375
0 0.790625 0.31875 0.2046875 0.2203125
0 0.7875 0.6109375 0.1109375 0.0640625
0 0.934375 0.1234375 0.0734375 0.109375