0 0.678125 0.446875 0.1421875 0.175
0 0.0140625 0.475 0.028125 0.0609375
0 0.0203125 0.4015625 0.040625 0.0375
0 0.0265625 0.509375 0.053125 0.05625
0 0.0609375 0.53125 0.05 0.0453125
0 0.1671875 0.3296875 0.0515625 0.0328125
0 0.2125 0.346875 0.0390625 0.0296875
0 0.31875 0.353125 0.0453125 0.0546875
0 0.3359375 0.203125 0.065625 0.071875
0 0.4734375 0.596875 0.0640625 0.0578125
0 0.4921875 0.4265625 0.0640625 0.0765625
0 0.50625 0.540625 0.078125 0.053125
0 0.5671875 0.6484375 0.1625 0.103125
0 0.53125 0.5890625 0.05 0.0703125