0 0.359375 0.38125 0.0390625 0.0453125
0 0.38125 0.35625 0.0265625 0.021875
0 0.5078125 0.5359375 0.065625 0.0671875
0 0.546875 0.4015625 0.0421875 0.053125
0 0.5828125 0.6515625 0.0578125 0.078125
0 0.590625 0.325 0.0328125 0.04375
0 0.59375 0.3828125 0.0109375 0.015625
0 0.65 0.3578125 0.0453125 0.0375
0 0.6625 0.590625 0.0515625 0.0328125
0 0.6640625 0.4 0.0390625 0.025
0 0.6890625 0.4390625 0.0265625 0.0296875
0 0.7734375 0.4171875 0.1296875 0.15
0 0.7359375 0.3421875 0.0546875 0.0515625
0 0.7859375 0.60625 0.0421875 0.05
0 0.7859375 0.66875 0.028125 0.021875
0 0.803125 0.30625 0.0546875 0.034375
0 0.834375 0.60625 0.0421875 0.028125
0 0.865625 0.553125 0.0640625 0.0640625
0 0.878125 0.4671875 0.0265625 0.0234375
0 0.9203125 0.53125 0.040625 0.0328125
0 0.9328125 0.3828125 0.028125 0.046875