0 0.0296875 0.646875 0.034375 0.0546875
0 0.065625 0.621875 0.028125 0.0171875
0 0.1859375 0.703125 0.028125 0.0828125
0 0.25 0.8328125 0.03125 0.03125
0 0.2609375 0.828125 0.025 0.065625
0 0.290625 0.696875 0.021875 0.0375
0 0.31875 0.746875 0.0421875 0.0609375
0 0.325 0.6328125 0.040625 0.0421875
0 0.3265625 0.8375 0.0359375 0.0453125
0 0.3359375 0.7328125 0.028125 0.05625
0 0.34375 0.6625 0.0359375 0.0546875
0 0.3484375 0.81875 0.0296875 0.053125
0 0.359375 0.7625 0.0234375 0.05
0 0.36875 0.7078125 0.03125 0.05
0 0.371875 0.8453125 0.0359375 0.03125
0 0.3796875 0.7984375 0.025 0.0328125
0 0.4578125 0.728125 0.078125 0.259375
0 0.5140625 0.5953125 0.1046875 0.0765625
0 0.5484375 0.4890625 0.034375 0.034375
0 0.5453125 0.5140625 0.021875 0.0328125
0 0.603125 0.496875 0.0515625 0.040625
0 0.6203125 0.5453125 0.0453125 0.065625
0 0.7015625 0.4875 0.0375 0.028125
0 0.7734375 0.5625 0.0546875 0.034375
0 0.7796875 0.509375 0.0421875 0.0359375
0 0.81875 0.5171875 0.0234375 0.0359375
0 0.8921875 0.55625 0.1328125 0.0671875
0 0.9703125 0.525 0.0578125 0.103125