0 0.21875 0.3515625 0.1765625 0.33125
0 0.28125 0.771875 0.1703125 0.2296875
0 0.24375 0.5875 0.03125 0.0375
0 0.25625 0.6265625 0.034375 0.034375
0 0.30625 0.3046875 0.1 0.2078125
0 0.2765625 0.571875 0.0234375 0.03125
0 0.346875 0.7140625 0.046875 0.05
0 0.3703125 0.6703125 0.071875 0.0734375
0 0.3609375 0.484375 0.0484375 0.071875
0 0.384375 0.36875 0.025 0.0234375
0 0.4125 0.621875 0.0390625 0.05625
0 0.4296875 0.325 0.0546875 0.275
0 0.446875 0.709375 0.0703125 0.0625
0 0.44375 0.64375 0.05 0.05
0 0.4953125 0.8171875 0.0703125 0.0609375
0 0.5078125 0.6703125 0.0609375 0.0484375
0 0.525 0.628125 0.0640625 0.06875
0 0.528125 0.7203125 0.0546875 0.0578125
0 0.5984375 0.3046875 0.15625 0.1859375
0 0.5546875 0.5796875 0.034375 0.0390625
0 0.575 0.521875 0.040625 0.028125
0 0.578125 0.809375 0.0375 0.034375
0 0.6109375 0.578125 0.0359375 0.046875
0 0.6671875 0.5625 0.0296875 0.0265625