0 0.115625 0.7453125 0.040625 0.0375
0 0.23125 0.703125 0.0359375 0.0296875
0 0.24375 0.7453125 0.0484375 0.046875
0 0.2671875 0.5875 0.0515625 0.0390625
0 0.2640625 0.64375 0.021875 0.0296875
0 0.3109375 0.5875 0.025 0.0234375
0 0.31875 0.6546875 0.0328125 0.0296875
0 0.3234375 0.68125 0.0171875 0.0203125
0 0.340625 0.5921875 0.0296875 0.025
0 0.3515625 0.6640625 0.0265625 0.028125
0 0.3625 0.615625 0.025 0.021875
0 0.3671875 0.5953125 0.0203125 0.0203125
0 0.4125 0.5953125 0.0265625 0.0203125
0 0.4140625 0.5796875 0.0265625 0.0203125
0 0.45 0.7015625 0.0375 0.025
0 0.465625 0.625 0.03125 0.0328125
0 0.4625 0.665625 0.0203125 0.0265625
0 0.5078125 0.6546875 0.0390625 0.0453125
0 0.5921875 0.603125 0.034375 0.0421875
0 0.609375 0.5921875 0.015625 0.0203125
0 0.628125 0.5796875 0.021875 0.0234375
0 0.66875 0.7328125 0.0203125 0.015625
0 0.6828125 0.64375 0.0265625 0.021875
0 0.7015625 0.6359375 0.0328125 0.0234375
0 0.7078125 0.615625 0.021875 0.021875