0 0.14375 0.3390625 0.0359375 0.0859375
0 0.1515625 0.1125 0.053125 0.10625
0 0.1703125 0.29375 0.090625 0.103125
0 0.178125 0.240625 0.025 0.028125
0 0.2609375 0.0640625 0.178125 0.1265625
0 0.23125 0.3140625 0.0546875 0.06875
0 0.2796875 0.55 0.103125 0.103125
0 0.3171875 0.7734375 0.159375 0.1828125
0 0.3375 0.9125 0.18125 0.14375
0 0.35 0.5078125 0.128125 0.1171875
0 0.5265625 0.203125 0.3109375 0.3140625
0 0.459375 0.4265625 0.15 0.0625
0 0.49375 0.6765625 0.20625 0.20625
0 0.4703125 0.49375 0.1265625 0.140625
0 0.565625 0.015625 0.1640625 0.03125
0 0.5859375 0.053125 0.14375 0.071875
0 0.6203125 0.6078125 0.1125 0.16875
0 0.7234375 0.090625 0.1015625 0.096875
0 0.85625 0.11875 0.0359375 0.05625