0 0.1484375 0.725 0.296875 0.4234375
0 0.23125 0.2453125 0.2234375 0.346875
0 0.36875 0.8671875 0.284375 0.2421875
0 0.3390625 0.078125 0.096875 0.1546875
0 0.3484375 0.8796875 0.06875 0.0875
0 0.5265625 0.50625 0.365625 0.475
0 0.4609375 0.090625 0.0828125 0.0859375
0 0.4703125 0.4609375 0.1015625 0.1140625
0 0.715625 0.221875 0.565625 0.44375
0 0.675 0.6265625 0.465625 0.3671875
0 0.55 0.5 0.09375 0.0953125
0 0.571875 0.4125 0.0984375 0.10625
0 0.7578125 0.81875 0.446875 0.34375
0 0.6609375 0.1890625 0.06875 0.0890625