0 0.0953125 0.4421875 0.1046875 0.0796875
0 0.021875 0.4515625 0.04375 0.1140625
0 0.0234375 0.8234375 0.046875 0.0375
0 0.028125 0.8546875 0.05625 0.0265625
0 0.015625 0.5609375 0.025 0.0453125
0 0.059375 0.34375 0.0453125 0.065625
0 0.071875 0.378125 0.040625 0.046875
0 0.0796875 0.84375 0.040625 0.0484375
0 0.103125 0.8015625 0.0375 0.0546875
0 0.1890625 0.8125 0.0609375 0.0578125
0 0.29375 0.659375 0.05 0.0390625
0 0.403125 0.6421875 0.2140625 0.30625
0 0.6890625 0.4875 0.4828125 0.51875
0 0.9359375 0.5 0.1265625 0.5390625