0 0.353125 0.6359375 0.03125 0.053125
0 0.3734375 0.615625 0.0390625 0.053125
0 0.4 0.55625 0.040625 0.05
0 0.4015625 0.715625 0.03125 0.04375
0 0.4140625 0.6640625 0.025 0.0234375
0 0.4453125 0.7078125 0.04375 0.05
0 0.4578125 0.6609375 0.04375 0.04375
0 0.478125 0.6203125 0.04375 0.04375
0 0.4828125 0.5390625 0.01875 0.0265625
0 0.5140625 0.7015625 0.0390625 0.046875
0 0.509375 0.653125 0.0171875 0.028125
0 0.5171875 0.56875 0.0203125 0.0453125
0 0.521875 0.6171875 0.021875 0.0421875
0 0.54375 0.5859375 0.01875 0.025
0 0.5625 0.63125 0.0265625 0.0375