0 0.5453125 0.49375 0.0984375 0.1125
0 0.021875 0.21875 0.0421875 0.0828125
0 0.03125 0.5953125 0.05625 0.046875
0 0.0984375 0.3140625 0.0765625 0.078125
0 0.10625 0.7515625 0.0703125 0.084375
0 0.1359375 0.6484375 0.0828125 0.0625
0 0.1328125 0.459375 0.0734375 0.0625
0 0.140625 0.396875 0.075 0.0828125
0 0.2171875 0.70625 0.1 0.0984375
0 0.309375 0.2421875 0.075 0.065625
0 0.3203125 0.446875 0.059375 0.084375
0 0.3125 0.30625 0.0390625 0.0203125
0 0.36875 0.53125 0.08125 0.071875
0 0.39375 0.1640625 0.0765625 0.0734375
0 0.396875 0.69375 0.0546875 0.0546875
0 0.4296875 0.8484375 0.0953125 0.0515625
0 0.453125 0.3328125 0.046875 0.0484375
0 0.509375 0.2234375 0.05 0.046875
0 0.5125 0.8265625 0.0421875 0.0359375
0 0.5421875 0.25 0.04375 0.040625
0 0.5578125 0.1875 0.0609375 0.0484375
0 0.55625 0.3171875 0.053125 0.0484375
0 0.625 0.1984375 0.075 0.0671875
0 0.628125 0.5921875 0.0359375 0.0375
0 0.7359375 0.6625 0.090625 0.0703125
0 0.746875 0.246875 0.0625 0.0359375
0 0.7921875 0.3078125 0.0828125 0.0734375
0 0.8046875 0.209375 0.096875 0.084375
0 0.846875 0.7453125 0.0859375 0.0875
0 0.8875 0.2390625 0.0859375 0.065625
0 0.9328125 0.3046875 0.053125 0.0453125