0 0.1109375 0.459375 0.0234375 0.0234375
0 0.2078125 0.8203125 0.0296875 0.0359375
0 0.2296875 0.5140625 0.0390625 0.0171875
0 0.2671875 0.26875 0.01875 0.009375
0 0.3 0.671875 0.0453125 0.028125
0 0.2875 0.284375 0.0109375 0.0203125
0 0.3265625 0.3625 0.028125 0.0265625
0 0.346875 0.49375 0.0359375 0.0203125
0 0.3671875 0.2734375 0.01875 0.0125
0 0.3890625 0.5125 0.0421875 0.0296875
0 0.4296875 0.3 0.028125 0.0203125
0 0.45625 0.31875 0.0359375 0.0234375
0 0.4671875 0.2140625 0.0359375 0.0140625
0 0.465625 0.4359375 0.0296875 0.0171875
0 0.4734375 0.6359375 0.04375 0.0296875
0 0.4875 0.7375 0.04375 0.0328125
0 0.5015625 0.4875 0.0390625 0.0234375
0 0.5046875 0.8078125 0.046875 0.0375
0 0.496875 0.1953125 0.021875 0.01875
0 0.5140625 0.5859375 0.053125 0.0359375
0 0.5171875 0.409375 0.05625 0.0296875
0 0.5109375 0.8515625 0.040625 0.04375
0 0.50625 0.3484375 0.0296875 0.0203125
0 0.5625 0.384375 0.046875 0.0359375
0 0.5921875 0.35 0.0359375 0.0296875
0 0.628125 0.396875 0.040625 0.0421875
0 0.6421875 0.440625 0.0640625 0.0390625
0 0.6546875 0.184375 0.040625 0.0390625
0 0.665625 0.525 0.046875 0.021875
0 0.690625 0.4875 0.0484375 0.0328125
0 0.7609375 0.2546875 0.165625 0.1796875
0 0.7296875 0.4375 0.046875 0.0375
0 0.825 0.4984375 0.028125 0.025
0 0.8375 0.54375 0.0390625 0.025
0 0.846875 0.5765625 0.0359375 0.021875