0 0.546875 0.6234375 0.0671875 0.071875
0 0.0828125 0.7828125 0.028125 0.0375
0 0.096875 0.6296875 0.00625 0.00625
0 0.125 0.76875 0.0359375 0.015625
0 0.134375 0.81875 0.0484375 0.028125
0 0.1375 0.6453125 0.009375 0.0078125
0 0.165625 0.778125 0.03125 0.028125
0 0.175 0.634375 0.0078125 0.00625
0 0.2578125 0.7421875 0.0359375 0.034375
0 0.265625 0.609375 0.00625 0.0078125
0 0.290625 0.646875 0.01875 0.021875
0 0.290625 0.6015625 0.0046875 0.003125
0 0.3078125 0.609375 0.0078125 0.0125
0 0.3296875 0.565625 0.0015625 0.00625
0 0.35 0.59375 0.0078125 0.00625
0 0.3625 0.6015625 0.0109375 0.0109375
0 0.3625 0.571875 0.0015625 0.003125
0 0.3875 0.6265625 0.009375 0.0125
0 0.3875 0.60625 0.0046875 0.00625
0 0.4046875 0.6921875 0.003125 0.0078125
0 0.4359375 0.5640625 0.00625 0.003125
0 0.4671875 0.5984375 0.0359375 0.0234375
0 0.496875 0.7390625 0.0296875 0.034375
0 0.5015625 0.565625 0.0359375 0.0265625
0 0.5390625 0.5765625 0.0109375 0.0109375
0 0.5734375 0.56875 0.0328125 0.021875
0 0.6015625 0.5984375 0.0375 0.0203125
0 0.5984375 0.5703125 0.00625 0.00625
0 0.64375 0.5609375 0.0265625 0.009375
0 0.6875 0.603125 0.0296875 0.0234375
0 0.68125 0.546875 0.0109375 0.0109375
0 0.69375 0.5171875 0.021875 0.0140625
0 0.7171875 0.5359375 0.0203125 0.0171875
0 0.746875 0.5296875 0.0078125 0.00625
0 0.7890625 0.525 0.015625 0.0015625
0 0.821875 0.5234375 0.0296875 0.01875
0 0.8796875 0.53125 0.0453125 0.034375
0 0.934375 0.540625 0.0203125 0.00625
0 0.95 0.53125 0.015625 0.0109375
0 0.9890625 0.6671875 0.0203125 0.009375