0 0.003125 0.4203125 0.0046875 0.0171875
0 0.0046875 0.4703125 0.009375 0.0296875
0 0.015625 0.4453125 0.0296875 0.025
0 0.0375 0.3234375 0.0734375 0.2046875
0 0.0390625 0.6375 0.0765625 0.06875
0 0.053125 0.6609375 0.0140625 0.0265625
0 0.26875 0.275 0.0640625 0.075
0 0.4375 0.4265625 0.025 0.0203125
0 0.440625 0.459375 0.0125 0.0484375
0 0.503125 0.4453125 0.028125 0.04375
0 0.5984375 0.5609375 0.0015625 0.0203125
0 0.83125 0.63125 0.1625 0.165625
0 0.90625 0.7390625 0.1859375 0.08125
0 0.88125 0.259375 0.0984375 0.0625
0 0.94375 0.2609375 0.0390625 0.0578125