0 0.2578125 0.6203125 0.103125 0.0734375
0 0.0671875 0.45625 0.0359375 0.028125
0 0.2109375 0.465625 0.25 0.06875
0 0.1828125 0.4125 0.0828125 0.03125
0 0.2046875 0.26875 0.0484375 0.0375
0 0.2640625 0.428125 0.0765625 0.0328125
0 0.2796875 0.275 0.0296875 0.0328125
0 0.38125 0.646875 0.121875 0.053125
0 0.359375 0.359375 0.05625 0.025
0 0.3625 0.4703125 0.05 0.0359375
0 0.4296875 0.359375 0.065625 0.0296875
0 0.4859375 0.6484375 0.1578125 0.0546875
0 0.5265625 0.7125 0.1046875 0.065625
0 0.5875 0.6625 0.08125 0.040625
0 0.6375 0.259375 0.0875 0.040625
0 0.6890625 0.5171875 0.059375 0.05625
0 0.7453125 0.24375 0.1109375 0.034375
0 0.7296875 0.771875 0.071875 0.059375
0 0.83125 0.6578125 0.2359375 0.0875
0 0.784375 0.625 0.0375 0.0375
0 0.8921875 0.30625 0.0828125 0.034375