0 0.1640625 0.5671875 0.0390625 0.0328125
0 0.1703125 0.628125 0.04375 0.0234375
0 0.16875 0.603125 0.028125 0.015625
0 0.215625 0.5859375 0.03125 0.0171875
0 0.2171875 0.6015625 0.0296875 0.034375
0 0.2265625 0.5734375 0.0375 0.028125
0 0.2765625 0.509375 0.04375 0.03125
0 0.2765625 0.534375 0.0359375 0.021875
0 0.278125 0.6234375 0.0328125 0.0234375
0 0.321875 0.53125 0.0515625 0.0390625
0 0.378125 0.515625 0.0453125 0.0375
0 0.4 0.6109375 0.0484375 0.021875
0 0.428125 0.5359375 0.0609375 0.0578125
0 0.4359375 0.584375 0.046875 0.034375
0 0.446875 0.7390625 0.0421875 0.0375
0 0.4609375 0.559375 0.0421875 0.034375
0 0.578125 0.5484375 0.0515625 0.0421875
0 0.6734375 0.5765625 0.046875 0.040625
0 0.778125 0.6515625 0.021875 0.015625
0 0.840625 0.640625 0.065625 0.0390625