0 0.59375 0.5546875 0.084375 0.0828125
0 0.3515625 0.7328125 0.0265625 0.025
0 0.4203125 0.725 0.0875 0.0546875
0 0.41875 0.559375 0.05 0.059375
0 0.453125 0.3828125 0.059375 0.08125
0 0.4859375 0.5734375 0.0765625 0.06875
0 0.4703125 0.309375 0.021875 0.040625
0 0.4875 0.25625 0.03125 0.05
0 0.5484375 0.3953125 0.128125 0.0859375
0 0.5046875 0.3078125 0.025 0.03125
0 0.515625 0.5375 0.03125 0.0375
0 0.5140625 0.2578125 0.009375 0.015625
0 0.528125 0.2640625 0.015625 0.015625
0 0.5328125 0.5625 0.0125 0.0375
0 0.5546875 0.3109375 0.0578125 0.0625