0 0.234375 0.4171875 0.071875 0.05625
0 0.1546875 0.3921875 0.0203125 0.015625
0 0.225 0.2671875 0.03125 0.028125
0 0.2796875 0.3265625 0.03125 0.0265625
0 0.3203125 0.315625 0.034375 0.0328125
0 0.3765625 0.2015625 0.04375 0.028125
0 0.371875 0.2953125 0.021875 0.0234375
0 0.3828125 0.234375 0.0265625 0.028125
0 0.4234375 0.303125 0.025 0.0203125
0 0.4515625 0.321875 0.0265625 0.01875
0 0.46875 0.24375 0.009375 0.0140625
0 0.5125 0.321875 0.025 0.021875
0 0.534375 0.3375 0.0234375 0.0203125
0 0.5859375 0.315625 0.04375 0.028125
0 0.5859375 0.2546875 0.00625 0.015625
0 0.5953125 0.275 0.009375 0.0109375
0 0.6703125 0.2296875 0.009375 0.0109375
0 0.7375 0.234375 0.0125 0.015625