0 0.00625 0.5390625 0.0125 0.0171875
0 0.0265625 0.5 0.0515625 0.04375
0 0.0203125 0.625 0.0359375 0.0359375
0 0.0328125 0.6859375 0.0203125 0.01875
0 0.05 0.58125 0.034375 0.0375
0 0.0703125 0.66875 0.0140625 0.0109375
0 0.08125 0.5953125 0.028125 0.021875
0 0.1296875 0.7375 0.0203125 0.01875
0 0.16875 0.69375 0.09375 0.0375
0 0.1328125 0.6375 0.0171875 0.0125
0 0.1375 0.6515625 0.0203125 0.0171875
0 0.14375 0.7640625 0.0140625 0.0140625
0 0.159375 0.6296875 0.025 0.0140625
0 0.15625 0.65 0.0140625 0.015625
0 0.1765625 0.6375 0.0203125 0.0125
0 0.1859375 0.65 0.021875 0.015625
0 0.23125 0.6984375 0.009375 0.0140625
0 0.2421875 0.7421875 0.021875 0.0171875
0 0.2453125 0.721875 0.0125 0.0140625
0 0.2640625 0.7328125 0.021875 0.0171875
0 0.309375 0.64375 0.046875 0.025
0 0.296875 0.628125 0.015625 0.015625
0 0.375 0.7234375 0.040625 0.0203125
0 0.4765625 0.70625 0.0546875 0.034375
0 0.51875 0.675 0.0234375 0.028125
0 0.5515625 0.659375 0.0265625 0.01875
0 0.578125 0.6359375 0.03125 0.01875
0 0.575 0.6 0.009375 0.0203125
0 0.5984375 0.625 0.028125 0.0203125
0 0.6515625 0.74375 0.040625 0.021875
0 0.7046875 0.7515625 0.0328125 0.015625
0 0.7296875 0.790625 0.034375 0.0234375
0 0.7578125 0.78125 0.0203125 0.01875