0 0.8453125 0.55 0.1796875 0.1828125
0 0.0125 0.25 0.0234375 0.0296875
0 0.0125 0.809375 0.0234375 0.0390625
0 0.0296875 0.6921875 0.059375 0.109375
0 0.0625 0.75 0.1203125 0.0921875
0 0.1703125 0.3296875 0.25 0.1828125
0 0.1484375 0.2078125 0.2015625 0.0796875
0 0.13125 0.6875 0.115625 0.1578125
0 0.240625 0.590625 0.175 0.1171875
0 0.3109375 0.2109375 0.121875 0.0859375
0 0.41875 0.396875 0.2890625 0.153125
0 0.3328125 0.2859375 0.08125 0.0875
0 0.471875 0.73125 0.3265625 0.1640625
0 0.4203125 0.265625 0.1328125 0.1375
0 0.434375 0.5265625 0.1203125 0.121875
0 0.434375 0.5984375 0.0265625 0.025
0 0.5 0.590625 0.040625 0.0265625
0 0.4953125 0.6296875 0.03125 0.0296875
0 0.5984375 0.440625 0.0859375 0.1078125
0 0.65 0.678125 0.0921875 0.071875
0 0.6984375 0.5109375 0.1390625 0.0984375
0 0.7046875 0.7625 0.0875 0.1015625
0 0.8 0.3140625 0.228125 0.178125
0 0.928125 0.7859375 0.1359375 0.0671875
0 0.940625 0.440625 0.0453125 0.0296875
0 0.971875 0.5796875 0.0546875 0.0546875