0 0.0109375 0.4671875 0.021875 0.0265625
0 0.0640625 0.2796875 0.1265625 0.309375
0 0.0671875 0.83125 0.134375 0.0859375
0 0.025 0.4953125 0.01875 0.021875
0 0.0421875 0.4703125 0.0328125 0.0234375
0 0.0390625 0.5375 0.015625 0.0140625
0 0.0453125 0.4953125 0.0125 0.0140625
0 0.05625 0.48125 0.0125 0.01875
0 0.0640625 0.4984375 0.0171875 0.021875
0 0.4 0.353125 0.2921875 0.1671875
0 0.3203125 0.365625 0.0375 0.0375
0 0.515625 0.7734375 0.15625 0.1046875
0 0.48125 0.828125 0.021875 0.0171875
0 0.7203125 0.4078125 0.240625 0.1484375
0 0.8171875 0.721875 0.0390625 0.040625
0 0.8953125 0.5171875 0.053125 0.021875