0 0.128125 0.5296875 0.01875 0.01875
0 0.1515625 0.553125 0.0125 0.01875
0 0.178125 0.478125 0.028125 0.0328125
0 0.203125 0.5703125 0.0265625 0.021875
0 0.321875 0.6890625 0.2 0.0890625
0 0.2625 0.7375 0.0203125 0.0234375
0 0.265625 0.4875 0.01875 0.0234375
0 0.2671875 0.696875 0.0171875 0.0171875
0 0.2875 0.565625 0.01875 0.0171875
0 0.3140625 0.5203125 0.0234375 0.0234375
0 0.3484375 0.74375 0.01875 0.0109375
0 0.3609375 0.440625 0.034375 0.03125
0 0.4125 0.7875 0.0640625 0.05
0 0.490625 0.375 0.096875 0.0984375
0 0.740625 0.4015625 0.284375 0.225
0 0.753125 0.671875 0.1125 0.0703125
0 0.834375 0.575 0.2234375 0.0984375
0 0.825 0.7109375 0.065625 0.084375
0 0.86875 0.646875 0.0140625 0.0296875
0 0.9328125 0.68125 0.128125 0.0546875
0 0.94375 0.2390625 0.109375 0.025
0 0.9734375 0.54375 0.05 0.040625