0 0.246875 0.73125 0.15625 0.2453125
0 0.4125 0.5078125 0.4875 0.2109375
0 0.3828125 0.3453125 0.3875 0.0859375
0 0.234375 0.1921875 0.0203125 0.0234375
0 0.240625 0.253125 0.028125 0.0203125
0 0.5765625 0.765625 0.5078125 0.31875
0 0.4125 0.621875 0.0296875 0.0203125
0 0.4421875 0.609375 0.021875 0.0265625
0 0.4875 0.6078125 0.0328125 0.0203125
0 0.5671875 0.5890625 0.0328125 0.028125
0 0.5765625 0.1921875 0.0265625 0.021875
0 0.590625 0.009375 0.01875 0.0171875
0 0.7765625 0.2515625 0.06875 0.0328125
0 0.778125 0.59375 0.025 0.0203125