0 0.2234375 0.80625 0.196875 0.11875
0 0.1453125 0.8421875 0.0359375 0.0390625
0 0.1671875 0.865625 0.01875 0.0265625
0 0.221875 0.7984375 0.1046875 0.0578125
0 0.2421875 0.2734375 0.0578125 0.1859375
0 0.234375 0.590625 0.0296875 0.0171875
0 0.24375 0.5640625 0.0265625 0.0265625
0 0.565625 0.2375 0.3859375 0.18125
0 0.5453125 0.5625 0.040625 0.05
0 0.578125 0.575 0.034375 0.0515625
0 0.65 0.39375 0.015625 0.1
0 0.7203125 0.78125 0.0203125 0.03125
0 0.7171875 0.8109375 0.009375 0.0203125
0 0.728125 0.803125 0.0125 0.01875
0 0.75 0.328125 0.034375 0.0859375
0 0.8265625 0.7015625 0.034375 0.0234375
0 0.8421875 0.8390625 0.046875 0.04375
0 0.85 0.7953125 0.05 0.0578125