0 0.3421875 0.7796875 0.196875 0.0921875
0 0.034375 0.5171875 0.05625 0.028125
0 0.1765625 0.75 0.159375 0.146875
0 0.15625 0.5390625 0.0953125 0.046875
0 0.1734375 0.5921875 0.05 0.0484375
0 0.259375 0.646875 0.0765625 0.0546875
0 0.26875 0.58125 0.046875 0.0375
0 0.35 0.6796875 0.096875 0.071875
0 0.4015625 0.621875 0.0734375 0.0671875
0 0.4453125 0.6609375 0.059375 0.046875
0 0.4984375 0.6203125 0.0359375 0.028125
0 0.5 0.5453125 0.0359375 0.03125
0 0.53125 0.5828125 0.0375 0.01875
0 0.5421875 0.6140625 0.0296875 0.03125
0 0.553125 0.559375 0.0328125 0.021875
0 0.5765625 0.5140625 0.0375 0.0296875
0 0.5765625 0.5703125 0.0265625 0.04375
0 0.61875 0.5171875 0.028125 0.028125
0 0.6671875 0.5953125 0.0875 0.0375
0 0.7484375 0.4640625 0.0265625 0.028125
0 0.8046875 0.6625 0.0859375 0.09375
0 0.8578125 0.6203125 0.065625 0.065625
0 0.8953125 0.696875 0.121875 0.109375
0 0.9265625 0.64375 0.05625 0.065625
0 0.98125 0.5328125 0.0359375 0.01875