0 0.3375 0.396875 0.0703125 0.0328125
0 0.3484375 0.340625 0.084375 0.096875
0 0.3734375 0.446875 0.053125 0.0421875
0 0.4 0.4109375 0.046875 0.053125
0 0.4484375 0.2734375 0.0609375 0.0734375
0 0.4390625 0.471875 0.0328125 0.03125
0 0.434375 0.421875 0.0203125 0.040625
0 0.490625 0.5328125 0.0390625 0.0375
0 0.509375 0.4828125 0.03125 0.053125
0 0.55625 0.3609375 0.0484375 0.096875
0 0.5578125 0.4765625 0.0390625 0.046875
0 0.5765625 0.515625 0.0484375 0.03125
0 0.6171875 0.35 0.0640625 0.078125
0 0.6171875 0.24375 0.05 0.06875
0 0.6515625 0.278125 0.05 0.0421875
0 0.6828125 0.3765625 0.0953125 0.1015625