0 0.1265625 0.5984375 0.0375 0.025
0 0.140625 0.63125 0.03125 0.028125
0 0.3109375 0.4 0.0640625 0.0359375
0 0.328125 0.8171875 0.065625 0.03125
0 0.3625 0.7015625 0.1234375 0.1625
0 0.4625 0.25625 0.171875 0.103125
0 0.440625 0.6875 0.0765625 0.0625
0 0.446875 0.4703125 0.0703125 0.0375
0 0.4484375 0.809375 0.021875 0.0359375
0 0.48125 0.7234375 0.0296875 0.0234375
0 0.515625 0.184375 0.0390625 0.0171875
0 0.534375 0.5171875 0.05625 0.040625
0 0.675 0.5171875 0.265625 0.234375
0 0.6359375 0.6671875 0.071875 0.0375
0 0.6203125 0.7296875 0.034375 0.0375
0 0.7140625 0.8109375 0.0359375 0.0453125
0 0.75625 0.5734375 0.04375 0.0390625
0 0.80625 0.58125 0.0203125 0.0421875
0 0.8125 0.50625 0.034375 0.0296875
0 0.85625 0.5234375 0.0765625 0.121875
0 0.909375 0.8203125 0.09375 0.025
0 0.9015625 0.421875 0.0390625 0.05
0 0.9453125 0.4359375 0.021875 0.028125
0 0.9515625 0.4015625 0.0328125 0.0390625
0 0.959375 0.525 0.0359375 0.0390625