0 0.64375 0.38125 0.2515625 0.140625
0 0.421875 0.790625 0.04375 0.05
0 0.44375 0.775 0.0203125 0.01875
0 0.4625 0.7953125 0.0328125 0.034375
0 0.4859375 0.5453125 0.0640625 0.153125
0 0.4828125 0.8125 0.028125 0.0328125
0 0.496875 0.790625 0.0234375 0.0203125
0 0.5234375 0.8125 0.0203125 0.0171875
0 0.5375 0.821875 0.0171875 0.021875
0 0.54375 0.8453125 0.0171875 0.0203125
0 0.559375 0.8515625 0.0140625 0.015625
0 0.65 0.728125 0.1953125 0.2046875
0 0.671875 0.234375 0.103125 0.0875
0 0.7078125 0.259375 0.0125 0.0140625
0 0.7359375 0.2390625 0.0171875 0.0171875
0 0.85 0.840625 0.1359375 0.0671875
0 0.8875 0.41875 0.078125 0.10625
0 0.884375 0.3203125 0.05625 0.0796875
0 0.89375 0.8140625 0.0171875 0.0171875
0 0.909375 0.8390625 0.0328125 0.0203125
0 0.9265625 0.8140625 0.0234375 0.0234375