0 0.546875 0.4984375 0.521875 0.53125
0 0.1109375 0.6375 0.221875 0.1578125
0 0.1546875 0.7828125 0.309375 0.18125
0 0.16875 0.453125 0.3359375 0.3890625
0 0.140625 0.159375 0.178125 0.06875
0 0.3296875 0.171875 0.1171875 0.09375
0 0.5109375 0.2328125 0.2921875 0.1609375
0 0.571875 0.1578125 0.2609375 0.065625
0 0.6578125 0.3546875 0.3828125 0.2421875
0 0.778125 0.6234375 0.303125 0.375
0 0.81875 0.2625 0.278125 0.275
0 0.89375 0.475 0.1578125 0.115625
0 0.940625 0.1765625 0.1171875 0.1015625
0 0.9515625 0.7875 0.09375 0.1703125
0 0.96875 0.59375 0.0609375 0.1640625