0 0.575 0.5125 0.0359375 0.0359375
0 0.5828125 0.478125 0.009375 0.0109375
0 0.5984375 0.4875 0.015625 0.0203125
0 0.628125 0.471875 0.034375 0.015625
0 0.6421875 0.521875 0.015625 0.0265625
0 0.6453125 0.5046875 0.021875 0.0140625
0 0.665625 0.478125 0.04375 0.0390625
0 0.68125 0.528125 0.0328125 0.0234375
0 0.7140625 0.4671875 0.034375 0.0296875
0 0.7578125 0.528125 0.0234375 0.01875
0 0.784375 0.4828125 0.0296875 0.03125
0 0.79375 0.4671875 0.034375 0.021875
0 0.8171875 0.4984375 0.0140625 0.025