0 0.028125 0.7796875 0.05625 0.065625
0 0.115625 0.725 0.0265625 0.0421875
0 0.45 0.6390625 0.015625 0.04375
0 0.471875 0.478125 0.040625 0.0390625
0 0.478125 0.525 0.0421875 0.04375
0 0.4890625 0.453125 0.0109375 0.021875
0 0.5140625 0.4421875 0.0328125 0.0359375
0 0.5125 0.4734375 0.028125 0.040625
0 0.5265625 0.715625 0.0265625 0.075
0 0.5296875 0.5953125 0.0265625 0.05
0 0.5484375 0.7921875 0.021875 0.059375
0 0.7359375 0.7203125 0.0171875 0.0375
0 0.7390625 0.6828125 0.0109375 0.0375
0 0.75 0.68125 0.0171875 0.0375
0 0.753125 0.7109375 0.015625 0.0203125
0 0.75625 0.771875 0.015625 0.034375