0 0.40625 0.7703125 0.1578125 0.140625
0 0.0953125 0.64375 0.071875 0.0703125
0 0.09375 0.4921875 0.015625 0.0140625
0 0.1328125 0.8703125 0.0953125 0.0671875
0 0.1375 0.4703125 0.028125 0.01875
0 0.1546875 0.4765625 0.009375 0.0140625
0 0.178125 0.5609375 0.0203125 0.021875
0 0.2078125 0.525 0.0234375 0.01875
0 0.23125 0.578125 0.046875 0.0328125
0 0.228125 0.5015625 0.0359375 0.0328125
0 0.246875 0.53125 0.025 0.0203125
0 0.2484375 0.553125 0.0234375 0.0234375
0 0.3 0.66875 0.10625 0.084375
0 0.271875 0.46875 0.0125 0.0140625
0 0.290625 0.4875 0.01875 0.01875
0 0.3046875 0.478125 0.0125 0.0203125
0 0.340625 0.5484375 0.0203125 0.0265625
0 0.3796875 0.5390625 0.01875 0.025
0 0.5140625 0.85625 0.05 0.0546875
0 0.6828125 0.8703125 0.0890625 0.0578125
0 0.8171875 0.765625 0.2296875 0.1328125