0 0.121875 0.596875 0.1 0.15625
0 0.146875 0.3796875 0.05625 0.0296875
0 0.153125 0.4765625 0.0640625 0.0671875
0 0.1953125 0.528125 0.0734375 0.08125
0 0.171875 0.58125 0.0203125 0.0296875
0 0.1859375 0.6546875 0.0265625 0.034375
0 0.21875 0.5734375 0.0359375 0.0359375
0 0.215625 0.6484375 0.0171875 0.0265625
0 0.2171875 0.453125 0.0203125 0.021875
0 0.25625 0.6234375 0.025 0.0328125
0 0.2796875 0.503125 0.0453125 0.040625
0 0.2890625 0.5625 0.040625 0.0359375
0 0.534375 0.36875 0.0640625 0.028125
0 0.5328125 0.4125 0.034375 0.0125
0 0.603125 0.5734375 0.0140625 0.0140625
0 0.628125 0.390625 0.0453125 0.0171875
0 0.7125 0.415625 0.05 0.028125