0 0.2375 0.7546875 0.078125 0.071875
0 0.25 0.2609375 0.11875 0.0875
0 0.2375 0.48125 0.0859375 0.078125
0 0.24375 0.0828125 0.08125 0.0859375
0 0.2546875 0.934375 0.084375 0.071875
0 0.253125 0.834375 0.0375 0.0578125
0 0.2875 0.521875 0.090625 0.071875
0 0.3015625 0.5734375 0.1 0.0703125
0 0.359375 0.5078125 0.0875 0.0765625
0 0.3703125 0.4234375 0.03125 0.059375
0 0.40625 0.0640625 0.0828125 0.0796875
0 0.4296875 0.9375 0.053125 0.05
0 0.55 0.9390625 0.084375 0.0625
0 0.60625 0.059375 0.0859375 0.065625
0 0.653125 0.9328125 0.05 0.046875
0 0.7609375 0.746875 0.078125 0.071875
0 0.7671875 0.9265625 0.078125 0.071875
0 0.76875 0.540625 0.06875 0.0625
0 0.771875 0.0609375 0.0765625 0.06875
0 0.778125 0.359375 0.0671875 0.075