0 0.65 0.640625 0.0765625 0.0984375
0 0.6234375 0.509375 0.009375 0.009375
0 0.7640625 0.45625 0.1 0.0328125
0 0.7484375 0.4953125 0.009375 0.009375
0 0.7578125 0.5890625 0.0109375 0.009375
0 0.78125 0.603125 0.009375 0.009375
0 0.834375 0.5109375 0.0796875 0.05
0 0.821875 0.7234375 0.0234375 0.0203125
0 0.828125 0.6953125 0.01875 0.0171875
0 0.8578125 0.659375 0.0265625 0.03125
0 0.8765625 0.7421875 0.009375 0.0078125
0 0.9203125 0.4375 0.0890625 0.06875
0 0.9015625 0.6921875 0.05 0.0265625
0 0.8953125 0.675 0.028125 0.028125
0 0.9109375 0.5640625 0.015625 0.015625
0 0.925 0.578125 0.0125 0.0125
0 0.9265625 0.6046875 0.0140625 0.0140625
0 0.93125 0.759375 0.0171875 0.0125
0 0.9828125 0.628125 0.034375 0.0234375
0 0.9890625 0.796875 0.0203125 0.0265625
0 0.99375 0.44375 0.0125 0.009375