0 0.05625 0.5140625 0.0421875 0.05
0 0.0921875 0.54375 0.0484375 0.04375
0 0.0953125 0.628125 0.0296875 0.040625
0 0.103125 0.665625 0.0421875 0.0453125
0 0.2515625 0.5078125 0.125 0.1625
0 0.35625 0.2171875 0.296875 0.1046875
0 0.3015625 0.3484375 0.04375 0.0453125
0 0.3265625 0.3296875 0.0484375 0.040625
0 0.3359375 0.5453125 0.034375 0.025
0 0.41875 0.6140625 0.053125 0.0515625
0 0.428125 0.4421875 0.053125 0.0609375
0 0.4421875 0.6484375 0.0625 0.046875
0 0.45625 0.4671875 0.0484375 0.059375
0 0.4734375 0.80625 0.046875 0.040625
0 0.4953125 0.553125 0.0375 0.04375
0 0.5125 0.8078125 0.046875 0.0515625
0 0.5359375 0.5375 0.0421875 0.0375
0 0.546875 0.5734375 0.0375 0.040625
0 0.5625 0.609375 0.05 0.0375
0 0.5921875 0.575 0.04375 0.046875
0 0.6390625 0.4484375 0.05 0.0515625
0 0.6421875 0.1765625 0.025 0.015625
0 0.6625 0.484375 0.053125 0.034375
0 0.68125 0.175 0.0390625 0.021875
0 0.684375 0.4546875 0.0390625 0.0484375
0 0.7015625 0.3484375 0.0375 0.05625
0 0.734375 0.3609375 0.0625 0.053125
0 0.7296875 0.3109375 0.0453125 0.040625
0 0.778125 0.3078125 0.053125 0.0484375
0 0.8125 0.2125 0.0453125 0.04375
0 0.81875 0.3390625 0.0484375 0.0515625
0 0.825 0.38125 0.0421875 0.040625
0 0.8328125 0.2625 0.05 0.0421875
0 0.8421875 0.2265625 0.05 0.053125
0 0.8453125 0.2984375 0.05 0.053125
0 0.865625 0.4921875 0.05625 0.0546875
0 0.8890625 0.3484375 0.0546875 0.05625
0 0.89375 0.525 0.053125 0.0359375
0 0.903125 0.3859375 0.0328125 0.0515625
0 0.9171875 0.49375 0.05 0.053125
0 0.9578125 0.5859375 0.0546875 0.0484375
0 0.959375 0.546875 0.0484375 0.0390625