0 0.1109375 0.4203125 0.0203125 0.01875
0 0.140625 0.5203125 0.0234375 0.03125
0 0.14375 0.3375 0.028125 0.0265625
0 0.1671875 0.3875 0.0140625 0.0171875
0 0.175 0.4453125 0.03125 0.028125
0 0.2125 0.453125 0.0171875 0.0171875
0 0.21875 0.3390625 0.0125 0.0140625
0 0.246875 0.3921875 0.0203125 0.015625
0 0.246875 0.4546875 0.01875 0.0171875
0 0.2515625 0.3515625 0.0234375 0.0203125
0 0.2609375 0.3296875 0.025 0.0109375
0 0.2921875 0.5140625 0.01875 0.01875
0 0.325 0.3875 0.028125 0.025
0 0.33125 0.4171875 0.0203125 0.028125
0 0.34375 0.478125 0.021875 0.03125
0 0.3546875 0.409375 0.0203125 0.021875
0 0.359375 0.4578125 0.0125 0.0203125
0 0.3765625 0.4359375 0.021875 0.03125