0 0.1140625 0.378125 0.228125 0.15625
0 0.2265625 0.3609375 0.025 0.0265625
0 0.3171875 0.4109375 0.153125 0.084375
0 0.265625 0.3625 0.028125 0.0203125
0 0.3078125 0.2921875 0.071875 0.0296875
0 0.3171875 0.359375 0.03125 0.0140625
0 0.5265625 0.3046875 0.1453125 0.0609375
0 0.9296875 0.375 0.1375 0.121875
0 0.8953125 0.3109375 0.0515625 0.0390625
0 0.890625 0.2078125 0.009375 0.009375
0 0.940625 0.4703125 0.0703125 0.0796875
0 0.91875 0.203125 0.0109375 0.0125
0 0.928125 0.23125 0.009375 0.015625
0 0.9453125 0.2734375 0.015625 0.01875
0 0.9484375 0.2375 0.0125 0.0234375