0 0.009375 0.265625 0.01875 0.0359375
0 0.0359375 0.75 0.071875 0.05625
0 0.040625 0.6453125 0.040625 0.01875
0 0.0375 0.246875 0.01875 0.0375
0 0.0890625 0.5765625 0.0296875 0.028125
0 0.090625 0.625 0.01875 0.0140625
0 0.153125 0.209375 0.1390625 0.0828125
0 0.115625 0.5515625 0.0265625 0.034375
0 0.1296875 0.5234375 0.0265625 0.040625
0 0.146875 0.278125 0.0234375 0.04375
0 0.1671875 0.3875 0.025 0.0390625
0 0.1859375 0.4875 0.03125 0.034375
0 0.1828125 0.3859375 0.0171875 0.028125
0 0.1921875 0.378125 0.0078125 0.028125
0 0.2078125 0.5703125 0.025 0.03125
0 0.2328125 0.565625 0.028125 0.05
0 0.234375 0.271875 0.028125 0.034375
0 0.24375 0.4421875 0.03125 0.0421875
0 0.265625 0.4296875 0.028125 0.0375
0 0.2640625 0.2640625 0.0234375 0.0359375
0 0.3078125 0.50625 0.0203125 0.0375
0 0.3234375 0.496875 0.021875 0.028125
0 0.3609375 0.396875 0.025 0.0328125
0 0.3796875 0.203125 0.0234375 0.0421875
0 0.378125 0.5359375 0.0171875 0.028125
0 0.4078125 0.253125 0.0140625 0.0390625
0 0.4234375 0.390625 0.03125 0.0421875
0 0.4640625 0.38125 0.028125 0.0375
0 0.4828125 0.4546875 0.0125 0.0359375
0 0.4921875 0.321875 0.0296875 0.0421875
0 0.5046875 0.4578125 0.021875 0.0375
0 0.5171875 0.528125 0.0171875 0.028125
0 0.5453125 0.353125 0.0125 0.0484375
0 0.5546875 0.5296875 0.021875 0.034375
0 0.584375 0.3640625 0.0125 0.034375
0 0.6046875 0.5953125 0.021875 0.025
0 0.6046875 0.3609375 0.0140625 0.0421875
0 0.6140625 0.63125 0.015625 0.0296875
0 0.6703125 0.5140625 0.11875 0.078125
0 0.646875 0.6421875 0.0453125 0.059375
0 0.640625 0.3953125 0.0203125 0.03125
0 0.6546875 0.3984375 0.0109375 0.028125
0 0.7046875 0.5796875 0.109375 0.0703125
0 0.71875 0.4109375 0.1015625 0.1171875
0 0.8703125 0.496875 0.2390625 0.3046875