0 0.0234375 0.753125 0.0359375 0.0578125
0 0.1328125 0.7296875 0.0484375 0.05
0 0.225 0.634375 0.0390625 0.034375
0 0.353125 0.684375 0.028125 0.034375
0 0.3796875 0.728125 0.0375 0.0328125
0 0.425 0.6921875 0.05 0.04375
0 0.4640625 0.571875 0.034375 0.0484375
0 0.4984375 0.7734375 0.021875 0.021875
0 0.5234375 0.74375 0.0484375 0.0421875
0 0.5265625 0.7796875 0.01875 0.025
0 0.5734375 0.6953125 0.0390625 0.0375
0 0.63125 0.6015625 0.0515625 0.0359375
0 0.653125 0.6703125 0.0234375 0.0203125
0 0.8234375 0.6703125 0.0375 0.065625
0 0.9890625 0.74375 0.0203125 0.05