0 0.03125 0.6625 0.0546875 0.125
0 0.065625 0.284375 0.1203125 0.0953125
0 0.0453125 0.5 0.0703125 0.0703125
0 0.09375 0.771875 0.1640625 0.115625
0 0.1296875 0.3828125 0.14375 0.134375
0 0.125 0.2390625 0.090625 0.0859375
0 0.1515625 0.684375 0.115625 0.103125
0 0.1875 0.5203125 0.13125 0.146875
0 0.2359375 0.2953125 0.153125 0.140625
0 0.265625 0.7140625 0.1546875 0.1421875
0 0.2609375 0.5828125 0.125 0.1234375
0 0.2546875 0.1921875 0.0890625 0.05
0 0.290625 0.4109375 0.15 0.140625
0 0.35625 0.51875 0.1140625 0.0984375
0 0.375 0.6578125 0.084375 0.0890625
0 0.4015625 0.2203125 0.128125 0.10625
0 0.4125 0.5828125 0.1375 0.15
0 0.3765625 0.30625 0.05625 0.0609375
0 0.4375 0.6921875 0.0796875 0.078125
0 0.5390625 0.3203125 0.1453125 0.128125
0 0.5671875 0.7671875 0.1671875 0.1328125
0 0.53125 0.415625 0.0703125 0.115625
0 0.5609375 0.1953125 0.115625 0.0546875
0 0.646875 0.4875 0.140625 0.1515625
0 0.6359375 0.26875 0.115625 0.1078125
0 0.646875 0.671875 0.0484375 0.090625
0 0.7 0.359375 0.1328125 0.109375
0 0.76875 0.6953125 0.1640625 0.15625
0 0.7625 0.2828125 0.1375 0.134375
0 0.759375 0.49375 0.0953125 0.1078125
0 0.8203125 0.421875 0.159375 0.1453125
0 0.809375 0.2171875 0.134375 0.1
0 0.8703125 0.6046875 0.13125 0.1203125
0 0.9078125 0.4140625 0.084375 0.08125
0 0.9359375 0.315625 0.125 0.1328125
0 0.94375 0.5640625 0.109375 0.146875
0 0.9734375 0.6453125 0.05 0.084375