0 0.4859375 0.559375 0.2453125 0.2390625
0 0.1328125 0.7 0.015625 0.0546875
0 0.1578125 0.484375 0.053125 0.0296875
0 0.1859375 0.384375 0.103125 0.0640625
0 0.1671875 0.45 0.0625 0.0640625
0 0.190625 0.7703125 0.059375 0.06875
0 0.203125 0.83125 0.0296875 0.059375
0 0.2359375 0.5734375 0.071875 0.053125
0 0.2234375 0.528125 0.0375 0.0296875
0 0.2375 0.878125 0.028125 0.025
0 0.2640625 0.46875 0.0609375 0.046875
0 0.309375 0.3296875 0.128125 0.0984375
0 0.2671875 0.9328125 0.0390625 0.0453125
0 0.34375 0.7515625 0.075 0.078125
0 0.3421875 0.5875 0.059375 0.034375
0 0.3453125 0.5015625 0.0453125 0.0609375
0 0.3515625 0.98125 0.0578125 0.034375
0 0.4078125 0.9859375 0.053125 0.028125
0 0.4140625 0.9546875 0.0390625 0.04375
0 0.46875 0.203125 0.1390625 0.0828125
0 0.5515625 0.290625 0.1484375 0.125
0 0.5484375 0.9125 0.0765625 0.0859375
0 0.6140625 0.196875 0.1453125 0.0734375
0 0.61875 0.465625 0.0734375 0.059375
0 0.6171875 0.8890625 0.046875 0.0421875
0 0.69375 0.3484375 0.1515625 0.0953125
0 0.6609375 0.8046875 0.0546875 0.0578125
0 0.6703125 0.665625 0.0578125 0.0453125
0 0.690625 0.834375 0.0328125 0.034375
0 0.7265625 0.8140625 0.0546875 0.040625
0 0.7359375 0.415625 0.0421875 0.046875
0 0.7375 0.7671875 0.0453125 0.0265625
0 0.746875 0.4875 0.0359375 0.0296875
0 0.775 0.4515625 0.05 0.028125
0 0.815625 0.196875 0.1171875 0.1046875
0 0.8078125 0.4625 0.0328125 0.0328125