0 0.1171875 0.409375 0.0265625 0.0203125
0 0.146875 0.4265625 0.0484375 0.040625
0 0.1921875 0.434375 0.0234375 0.0375
0 0.2125 0.4703125 0.05 0.0578125
0 0.30625 0.4390625 0.0234375 0.0265625
0 0.340625 0.48125 0.071875 0.0671875
0 0.3609375 0.4109375 0.0421875 0.0421875
0 0.3890625 0.4046875 0.053125 0.0265625
0 0.4125 0.4953125 0.05625 0.06875
0 0.43125 0.646875 0.0796875 0.084375
0 0.45 0.4296875 0.0453125 0.046875
0 0.5078125 0.515625 0.0546875 0.0484375
0 0.5515625 0.4015625 0.025 0.0203125
0 0.5640625 0.5390625 0.0421875 0.0546875
0 0.571875 0.44375 0.0515625 0.040625
0 0.5765625 0.3796875 0.0171875 0.0203125
0 0.6625 0.40625 0.021875 0.0265625
0 0.775 0.4015625 0.015625 0.0171875
0 0.78125 0.3859375 0.021875 0.015625
0 0.790625 0.40625 0.015625 0.0234375
0 0.809375 0.4546875 0.0390625 0.01875
0 0.8203125 0.425 0.028125 0.0328125
0 0.853125 0.3984375 0.0203125 0.021875