0 0.0234375 0.1625 0.0125 0.009375
0 0.03125 0.1546875 0.0046875 0.0078125
0 0.046875 0.853125 0.015625 0.021875
0 0.0625 0.425 0.01875 0.01875
0 0.0734375 0.1359375 0.0140625 0.009375
0 0.09375 0.5171875 0.0203125 0.025
0 0.0953125 0.86875 0.0109375 0.009375
0 0.0984375 0.1515625 0.0125 0.0125
0 0.1 0.1375 0.009375 0.009375
0 0.1109375 0.43125 0.009375 0.015625
0 0.1203125 0.1671875 0.0171875 0.0140625
0 0.178125 0.49375 0.01875 0.0140625
0 0.1890625 0.5046875 0.0203125 0.01875
0 0.1953125 0.3484375 0.015625 0.015625
0 0.2171875 0.1421875 0.015625 0.0109375
0 0.2265625 0.1875 0.0078125 0.0140625
0 0.2328125 0.5703125 0.0125 0.01875
0 0.2328125 0.1328125 0.009375 0.0125
0 0.2359375 0.7984375 0.0125 0.0140625
0 0.253125 0.3578125 0.0140625 0.015625
0 0.2671875 0.353125 0.015625 0.015625
0 0.2765625 0.4421875 0.0171875 0.0125
0 0.2921875 0.2015625 0.0234375 0.0234375
0 0.296875 0.1609375 0.0109375 0.0140625
0 0.3359375 0.7421875 0.0203125 0.0203125
0 0.340625 0.690625 0.025 0.021875
0 0.3453125 0.86875 0.0171875 0.0109375
0 0.3671875 0.659375 0.0296875 0.0296875
0 0.3671875 0.159375 0.0171875 0.0140625
0 0.384375 0.2859375 0.021875 0.01875
0 0.41875 0.3 0.0203125 0.0203125
0 0.4265625 0.2265625 0.0234375 0.021875
0 0.434375 0.5171875 0.0203125 0.025
0 0.4421875 0.49375 0.025 0.0203125
0 0.44375 0.475 0.021875 0.0125
0 0.446875 0.153125 0.0203125 0.021875
0 0.453125 0.4625 0.025 0.021875
0 0.45625 0.5046875 0.021875 0.0234375
0 0.49375 0.8078125 0.0234375 0.0203125
0 0.5 0.41875 0.015625 0.028125
0 0.5140625 0.6171875 0.0234375 0.025
0 0.5328125 0.3359375 0.0203125 0.0171875
0 0.54375 0.659375 0.0234375 0.025
0 0.575 0.4296875 0.021875 0.015625
0 0.6171875 0.6171875 0.015625 0.021875
0 0.6453125 0.203125 0.0234375 0.028125
0 0.659375 0.34375 0.021875 0.015625
0 0.678125 0.721875 0.028125 0.0265625
0 0.6875 0.803125 0.028125 0.025
0 0.7203125 0.4 0.0234375 0.0234375
0 0.73125 0.2484375 0.0265625 0.0125
0 0.7453125 0.471875 0.0328125 0.028125
0 0.7484375 0.5859375 0.015625 0.021875
0 0.753125 0.8203125 0.0203125 0.0265625
0 0.7625 0.6015625 0.03125 0.03125
0 0.78125 0.2078125 0.025 0.015625
0 0.7828125 0.7109375 0.021875 0.0171875
0 0.7890625 0.4609375 0.01875 0.025
0 0.8171875 0.5078125 0.021875 0.0234375
0 0.83125 0.834375 0.025 0.025
0 0.9421875 0.4921875 0.028125 0.025
0 0.9515625 0.50625 0.03125 0.0265625
0 0.975 0.4859375 0.025 0.028125