0 0.653125 0.440625 0.178125 0.1875
0 0.396875 0.55625 0.471875 0.425
0 0.221875 0.5640625 0.109375 0.1390625
0 0.275 0.4484375 0.209375 0.196875
0 0.21875 0.634375 0.0625 0.09375
0 0.28125 0.5078125 0.08125 0.178125
0 0.29375 0.603125 0.0984375 0.14375
0 0.2859375 0.6546875 0.0734375 0.1234375
0 0.3796875 0.6296875 0.109375 0.1421875
0 0.4078125 0.5421875 0.0703125 0.159375
0 0.465625 0.6703125 0.1015625 0.171875
0 0.4734375 0.5828125 0.0765625 0.1265625
0 0.559375 0.646875 0.15625 0.1734375
0 0.5484375 0.484375 0.05625 0.1984375
0 0.590625 0.571875 0.059375 0.1640625
0 0.75 0.4453125 0.08125 0.0765625
0 0.7671875 0.253125 0.0734375 0.0953125
0 0.840625 0.3453125 0.0375 0.175
0 0.8953125 0.528125 0.14375 0.5640625
0 0.865625 0.5796875 0.08125 0.1578125
0 0.8609375 0.7125 0.05625 0.171875
0 0.86875 0.41875 0.0453125 0.221875
0 0.8921875 0.728125 0.034375 0.1671875
0 0.9234375 0.6828125 0.075 0.1421875