0 0.7046875 0.571875 0.21875 0.2046875
0 0.065625 0.8234375 0.1296875 0.0953125
0 0.10625 0.4015625 0.2125 0.278125
0 0.1203125 0.6171875 0.240625 0.171875
0 0.203125 0.4109375 0.1984375 0.215625
0 0.18125 0.7453125 0.1203125 0.1390625
0 0.3421875 0.759375 0.228125 0.23125
0 0.3265625 0.50625 0.134375 0.140625
0 0.365625 0.8625 0.16875 0.0234375
0 0.4 0.1953125 0.1125 0.1234375
0 0.4140625 0.6265625 0.0890625 0.1078125
0 0.56875 0.7609375 0.234375 0.165625
0 0.534375 0.5859375 0.1546875 0.2109375
0 0.625 0.225 0.2046875 0.2
0 0.6359375 0.340625 0.2171875 0.1671875
0 0.940625 0.178125 0.115625 0.10625