0 0.5046875 0.9078125 0.0328125 0.0421875
0 0.521875 0.8828125 0.0296875 0.015625
0 0.5359375 0.909375 0.034375 0.028125
0 0.553125 0.9859375 0.025 0.025
0 0.5625 0.8859375 0.0328125 0.0203125
0 0.565625 0.9734375 0.0296875 0.015625
0 0.5875 0.8921875 0.01875 0.0328125
0 0.596875 0.9828125 0.034375 0.034375
0 0.6171875 0.8859375 0.053125 0.0375
0 0.6125 0.9140625 0.0359375 0.0328125
0 0.615625 0.9375 0.0390625 0.0234375
0 0.6375 0.9515625 0.0375 0.0375
0 0.6609375 0.975 0.0375 0.0453125
0 0.6921875 0.9546875 0.0578125 0.053125