0 0.4609375 0.6828125 0.628125 0.3046875
0 0.7390625 0.8140625 0.03125 0.0421875
0 0.7859375 0.7609375 0.034375 0.040625
0 0.8421875 0.575 0.1375 0.09375
0 0.8234375 0.4953125 0.0671875 0.0578125
0 0.825 0.7453125 0.040625 0.046875
0 0.8234375 0.8265625 0.028125 0.0171875
0 0.8234375 0.78125 0.028125 0.025
0 0.8359375 0.3828125 0.03125 0.028125
0 0.8640625 0.759375 0.034375 0.034375
0 0.903125 0.8265625 0.0328125 0.0171875
0 0.9125 0.7875 0.0515625 0.0546875
0 0.9 0.53125 0.0125 0.028125
0 0.903125 0.4890625 0.0203125 0.03125
0 0.9296875 0.40625 0.0484375 0.0328125
0 0.953125 0.621875 0.05 0.0734375
0 0.965625 0.6734375 0.046875 0.0625
0 0.99375 0.3625 0.009375 0.028125