0 0.1390625 0.5 0.278125 0.39375
0 0.1046875 0.2671875 0.0171875 0.0203125
0 0.1921875 0.2796875 0.0171875 0.0140625
0 0.225 0.7421875 0.03125 0.0359375
0 0.2734375 0.340625 0.01875 0.0171875
0 0.2875 0.6875 0.0421875 0.028125
0 0.3078125 0.48125 0.0265625 0.0171875
0 0.3359375 0.4828125 0.0421875 0.0234375
0 0.365625 0.5421875 0.034375 0.0359375
0 0.3734375 0.6421875 0.0484375 0.05
0 0.396875 0.4578125 0.03125 0.0234375
0 0.4375 0.5046875 0.0265625 0.0234375
0 0.4453125 0.575 0.0359375 0.0359375
0 0.4671875 0.490625 0.0328125 0.025
0 0.475 0.446875 0.0234375 0.01875
0 0.5265625 0.2984375 0.0078125 0.0078125
0 0.534375 0.3734375 0.0125 0.009375
0 0.5546875 0.375 0.0109375 0.0203125
0 0.5703125 0.35625 0.0078125 0.0125
0 0.584375 0.3109375 0.0109375 0.0109375
0 0.584375 0.4078125 0.0078125 0.0140625
0 0.5921875 0.3734375 0.015625 0.0125
0 0.5984375 0.434375 0.01875 0.01875
0 0.6 0.34375 0.01875 0.0171875
0 0.6078125 0.4140625 0.0140625 0.0171875