0 0.146875 0.571875 0.0421875 0.0625
0 0.1953125 0.4484375 0.075 0.0796875
0 0.2234375 0.5109375 0.0640625 0.0859375
0 0.3484375 0.6390625 0.096875 0.1
0 0.3546875 0.1625 0.0921875 0.0984375
0 0.375 0.075 0.0953125 0.0484375
0 0.4609375 0.075 0.1 0.0984375
0 0.4890625 0.1765625 0.1125 0.109375
0 0.5078125 0.6296875 0.0734375 0.0859375
0 0.5734375 0.39375 0.0828125 0.075
0 0.65625 0.903125 0.1109375 0.1125
0 0.7125 0.4015625 0.1125 0.0859375
0 0.7890625 0.1640625 0.0828125 0.0609375
0 0.7953125 0.6078125 0.05 0.0625
0 0.85625 0.68125 0.0359375 0.0703125