0 0.0265625 0.2234375 0.021875 0.0140625
0 0.125 0.1640625 0.0234375 0.0359375
0 0.1828125 0.2125 0.0203125 0.0390625
0 0.2546875 0.215625 0.015625 0.0234375
0 0.275 0.3 0.025 0.0234375
0 0.321875 0.3703125 0.0515625 0.0390625
0 0.3234375 0.7640625 0.053125 0.059375
0 0.3671875 0.6421875 0.053125 0.046875
0 0.3796875 0.3875 0.0578125 0.04375
0 0.39375 0.7578125 0.05 0.06875
0 0.4171875 0.325 0.06875 0.0484375
0 0.4671875 0.44375 0.01875 0.03125
0 0.625 0.5125 0.0609375 0.0765625
0 0.6390625 0.5703125 0.0453125 0.0640625
0 0.8203125 0.5671875 0.053125 0.0625
0 0.8453125 0.5640625 0.0203125 0.021875
0 0.8703125 0.471875 0.059375 0.0671875
0 0.9578125 0.64375 0.0265625 0.0234375
0 0.98125 0.4578125 0.0359375 0.0515625