0 0.79375 0.6125 0.0578125 0.1375
0 0.1078125 0.6125 0.028125 0.0578125
0 0.2015625 0.2484375 0.015625 0.053125
0 0.2484375 0.153125 0.0390625 0.053125
0 0.2671875 0.215625 0.0078125 0.0234375
0 0.29375 0.64375 0.0125 0.0234375
0 0.3140625 0.6125 0.0140625 0.0359375
0 0.34375 0.2140625 0.0140625 0.028125
0 0.4015625 0.2046875 0.0171875 0.0875
0 0.4265625 0.1609375 0.0234375 0.0546875
0 0.584375 0.4765625 0.01875 0.05625
0 0.5890625 0.2203125 0.0234375 0.075
0 0.621875 0.1765625 0.0109375 0.0359375
0 0.6546875 0.178125 0.0109375 0.021875
0 0.6671875 0.30625 0.0203125 0.0734375
0 0.66875 0.1765625 0.0015625 0.03125
0 0.709375 0.2015625 0.0109375 0.046875
0 0.7328125 0.1625 0.0296875 0.075
0 0.7421875 0.3875 0.0171875 0.021875
0 0.7953125 0.45 0.0109375 0.025
0 0.8 0.2359375 0.0140625 0.0203125
0 0.8109375 0.5328125 0.0234375 0.0671875
0 0.8484375 0.2578125 0.015625 0.03125
0 0.8578125 0.8625 0.028125 0.021875
0 0.903125 0.3296875 0.015625 0.01875
0 0.9609375 0.2125 0.025 0.05