0 0.0203125 0.696875 0.0390625 0.0484375
0 0.025 0.8234375 0.0484375 0.01875
0 0.0328125 0.790625 0.0640625 0.034375
0 0.046875 0.6625 0.0484375 0.04375
0 0.0828125 0.7171875 0.071875 0.05
0 0.0953125 0.821875 0.053125 0.021875
0 0.0953125 0.6640625 0.0484375 0.0296875
0 0.1265625 0.621875 0.0625 0.04375
0 0.1390625 0.79375 0.059375 0.040625
0 0.1234375 0.565625 0.0265625 0.021875
0 0.14375 0.5921875 0.021875 0.015625
0 0.1546875 0.7046875 0.0453125 0.05
0 0.175 0.7109375 0.0515625 0.04375
0 0.1703125 0.5640625 0.021875 0.025
0 0.1875 0.8234375 0.05625 0.01875
0 0.2171875 0.653125 0.0625 0.046875
0 0.2203125 0.60625 0.0390625 0.034375
0 0.246875 0.6328125 0.0375 0.0375
0 0.7734375 0.59375 0.021875 0.034375
0 0.8796875 0.765625 0.21875 0.1359375
0 0.8296875 0.6671875 0.1 0.0953125