0 0.7375 0.3671875 0.1625 0.175
0 0.08125 0.5421875 0.0875 0.09375
0 0.1875 0.553125 0.15625 0.1140625
0 0.1640625 0.471875 0.096875 0.059375
0 0.2890625 0.4578125 0.1265625 0.109375
0 0.3390625 0.3921875 0.1078125 0.1296875
0 0.421875 0.38125 0.0671875 0.1046875
0 0.5234375 0.5875 0.0578125 0.084375
0 0.5046875 0.5296875 0.01875 0.0296875
0 0.534375 0.525 0.0375 0.0328125
0 0.5484375 0.671875 0.053125 0.084375
0 0.571875 0.5765625 0.05625 0.0921875
0 0.575 0.5015625 0.0328125 0.040625
0 0.584375 0.4859375 0.0375 0.01875
0 0.609375 0.5078125 0.0375 0.034375
0 0.6390625 0.596875 0.0671875 0.078125
0 0.6421875 0.65625 0.0484375 0.05625
0 0.65625 0.5234375 0.0453125 0.0328125
0 0.7 0.6140625 0.0765625 0.0921875
0 0.7921875 0.2765625 0.0890625 0.096875
0 0.778125 0.615625 0.034375 0.071875
0 0.9390625 0.31875 0.11875 0.140625