0 0.01875 0.3390625 0.0359375 0.0390625
0 0.009375 0.2578125 0.0171875 0.0484375
0 0.46875 0.4140625 0.0265625 0.040625
0 0.509375 0.3875 0.0734375 0.03125
0 0.4921875 0.41875 0.021875 0.05
0 0.5203125 0.4265625 0.0265625 0.0375
0 0.5625 0.43125 0.0625 0.0328125
0 0.6375 0.390625 0.125 0.071875
0 0.6140625 0.3984375 0.05 0.0296875
0 0.6515625 0.51875 0.0796875 0.0296875
0 0.6734375 0.4015625 0.0640625 0.0359375
0 0.721875 0.5828125 0.0890625 0.04375
0 0.7625 0.653125 0.078125 0.05
0 0.7546875 0.5 0.0453125 0.0265625
0 0.7515625 0.3640625 0.0265625 0.0375
0 0.778125 0.4109375 0.0734375 0.0203125
0 0.7796875 0.38125 0.034375 0.0625
0 0.8265625 0.6171875 0.0734375 0.046875
0 0.828125 0.4125 0.05 0.028125
0 0.859375 0.44375 0.0671875 0.04375
0 0.871875 0.665625 0.0546875 0.025
0 0.8734375 0.7234375 0.0578125 0.0296875
0 0.9 0.4359375 0.075 0.0421875
0 0.9234375 0.6734375 0.0703125 0.0375
0 0.928125 0.7015625 0.0625 0.034375