0 0.1484375 0.4078125 0.1140625 0.065625
0 0.23125 0.6515625 0.1359375 0.096875
0 0.246875 0.375 0.134375 0.1296875
0 0.3609375 0.390625 0.084375 0.059375
0 0.396875 0.2828125 0.0546875 0.046875
0 0.4125 0.1859375 0.065625 0.0453125
0 0.471875 0.459375 0.11875 0.1
0 0.4828125 0.6359375 0.103125 0.109375
0 0.584375 0.2265625 0.1125 0.0765625
0 0.6203125 0.7015625 0.128125 0.0953125
0 0.6328125 0.246875 0.0796875 0.103125
0 0.709375 0.3859375 0.1171875 0.096875
0 0.8328125 0.446875 0.053125 0.0625
0 0.8640625 0.403125 0.084375 0.096875
0 0.859375 0.521875 0.0625 0.0765625
0 0.8890625 0.30625 0.0828125 0.0421875
0 0.95625 0.4296875 0.0859375 0.1203125
0 0.946875 0.31875 0.040625 0.0296875
0 0.9640625 0.3671875 0.06875 0.103125