0 0.4234375 0.7890625 0.08125 0.06875
0 0.2484375 0.7171875 0.2453125 0.1890625
0 0.346875 0.853125 0.021875 0.015625
0 0.35625 0.8375 0.0171875 0.0171875
0 0.396875 0.7078125 0.0234375 0.025
0 0.396875 0.675 0.01875 0.021875
0 0.44375 0.69375 0.01875 0.028125
0 0.4515625 0.840625 0.015625 0.025
0 0.4625 0.7 0.028125 0.015625
0 0.465625 0.68125 0.0265625 0.028125
0 0.503125 0.8578125 0.0484375 0.028125
0 0.55 0.684375 0.0265625 0.01875
0 0.58125 0.6703125 0.0296875 0.0265625
0 0.64375 0.675 0.03125 0.0265625
0 0.66875 0.771875 0.0234375 0.015625
0 0.6796875 0.6828125 0.0296875 0.0421875
0 0.6765625 0.7234375 0.015625 0.015625
0 0.73125 0.6734375 0.0421875 0.034375
0 0.728125 0.815625 0.025 0.0265625
0 0.7453125 0.7015625 0.0421875 0.0375
0 0.7765625 0.68125 0.025 0.01875
0 0.7890625 0.778125 0.0421875 0.0359375
0 0.8 0.6984375 0.0375 0.0203125
0 0.8375 0.7078125 0.021875 0.0140625