0 0.0203125 0.33125 0.0375 0.1046875
0 0.0359375 0.2640625 0.03125 0.0359375
0 0.0515625 0.284375 0.040625 0.0421875
0 0.0625 0.3328125 0.0390625 0.05625
0 0.1 0.2859375 0.0515625 0.0375
0 0.0921875 0.3515625 0.0171875 0.040625
0 0.1390625 0.259375 0.0234375 0.0171875
0 0.3140625 0.228125 0.046875 0.0265625
0 0.3578125 0.23125 0.0359375 0.0359375
0 0.3796875 0.2359375 0.0265625 0.0359375
0 0.4203125 0.2171875 0.021875 0.034375
0 0.4390625 0.2375 0.0265625 0.009375
0 0.46875 0.234375 0.03125 0.021875
0 0.4890625 0.240625 0.0140625 0.015625