0 0.0265625 0.8109375 0.0515625 0.0734375
0 0.259375 0.5015625 0.5171875 0.459375
0 0.078125 0.7890625 0.0390625 0.01875
0 0.096875 0.8390625 0.0328125 0.0375
0 0.121875 0.7921875 0.03125 0.0265625
0 0.1625 0.5859375 0.021875 0.028125
0 0.165625 0.7921875 0.0203125 0.01875
0 0.1703125 0.8484375 0.0296875 0.025
0 0.184375 0.4703125 0.028125 0.021875
0 0.1921875 0.784375 0.0328125 0.0375
0 0.221875 0.78125 0.028125 0.025
0 0.4640625 0.671875 0.046875 0.0328125
0 0.590625 0.74375 0.2859375 0.2609375
0 0.471875 0.56875 0.0359375 0.034375
0 0.54375 0.459375 0.021875 0.021875
0 0.546875 0.3765625 0.0203125 0.0109375
0 0.553125 0.525 0.01875 0.01875
0 0.565625 0.6078125 0.021875 0.0203125
0 0.5703125 0.640625 0.021875 0.0234375
0 0.59375 0.428125 0.015625 0.021875
0 0.6 0.6 0.025 0.025
0 0.6109375 0.4125 0.0203125 0.0078125
0 0.6875 0.4859375 0.0265625 0.025
0 0.7078125 0.415625 0.0203125 0.0171875