0 0.3515625 0.596875 0.0953125 0.090625
0 0.1296875 0.5296875 0.078125 0.059375
0 0.1515625 0.68125 0.0828125 0.053125
0 0.2078125 0.5140625 0.075 0.0578125
0 0.23125 0.6453125 0.0703125 0.053125
0 0.25625 0.471875 0.084375 0.0515625
0 0.284375 0.53125 0.13125 0.078125
0 0.3578125 0.45625 0.0828125 0.046875
0 0.4171875 0.4625 0.0625 0.08125
0 0.50625 0.6125 0.0796875 0.065625
0 0.55625 0.6515625 0.065625 0.0546875
0 0.6140625 0.6328125 0.059375 0.0421875
0 0.6203125 0.6015625 0.065625 0.0453125
0 0.6546875 0.6625 0.0578125 0.0453125
0 0.840625 0.571875 0.096875 0.04375
0 0.8828125 0.596875 0.075 0.0796875