0 0.209375 0.7046875 0.0234375 0.0421875
0 0.328125 0.6828125 0.0703125 0.0578125
0 0.378125 0.6078125 0.0703125 0.0515625
0 0.4328125 0.6453125 0.06875 0.0453125
0 0.5046875 0.6546875 0.0453125 0.053125
0 0.5765625 0.7875 0.053125 0.053125
0 0.6125 0.6703125 0.0578125 0.034375
0 0.628125 0.721875 0.046875 0.03125
0 0.6828125 0.6875 0.053125 0.0515625
0 0.721875 0.5859375 0.05625 0.05
0 0.7734375 0.815625 0.059375 0.08125
0 0.7734375 0.5578125 0.0421875 0.0375
0 0.7703125 0.7375 0.0140625 0.01875
0 0.7859375 0.7140625 0.0078125 0.015625
0 0.8375 0.4015625 0.0171875 0.01875
0 0.8609375 0.7203125 0.0453125 0.05625
0 0.8640625 0.540625 0.040625 0.0328125
0 0.896875 0.7875 0.0609375 0.0625
0 0.90625 0.41875 0.0203125 0.021875
0 0.921875 0.503125 0.0203125 0.01875
0 0.934375 0.4828125 0.0265625 0.021875