0 0.14375 0.471875 0.1625 0.0921875
0 0.225 0.5625 0.025 0.021875
0 0.2453125 0.575 0.01875 0.0203125
0 0.253125 0.421875 0.0296875 0.03125
0 0.5015625 0.6375 0.484375 0.2609375
0 0.278125 0.41875 0.0265625 0.0265625
0 0.3015625 0.4875 0.0109375 0.025
0 0.3265625 0.3078125 0.01875 0.01875
0 0.3375 0.2921875 0.0234375 0.01875
0 0.35625 0.4546875 0.01875 0.01875
0 0.36875 0.33125 0.0234375 0.0296875
0 0.3859375 0.346875 0.01875 0.0109375
0 0.39375 0.2390625 0.0328125 0.0265625
0 0.4125 0.3328125 0.0578125 0.078125
0 0.4609375 0.2734375 0.015625 0.0171875
0 0.46875 0.2546875 0.0171875 0.0125
0 0.5203125 0.3140625 0.0125 0.0140625
0 0.5546875 0.3859375 0.0125 0.021875
0 0.634375 0.3578125 0.0234375 0.015625
0 0.684375 0.3984375 0.0171875 0.0171875