0 0.7953125 0.903125 0.09375 0.0796875
0 0.1453125 0.61875 0.053125 0.059375
0 0.15625 0.359375 0.028125 0.0265625
0 0.1671875 0.671875 0.0390625 0.0453125
0 0.2125 0.225 0.0125 0.0078125
0 0.2265625 0.415625 0.034375 0.0234375
0 0.2390625 0.621875 0.0453125 0.0328125
0 0.2390625 0.6484375 0.0390625 0.0390625
0 0.2359375 0.203125 0.0109375 0.015625
0 0.290625 0.4984375 0.0421875 0.04375
0 0.296875 0.425 0.0390625 0.0359375
0 0.38125 0.290625 0.0109375 0.0078125
0 0.3859375 0.3125 0.01875 0.0203125
0 0.559375 0.2375 0.078125 0.040625
0 0.61875 0.5390625 0.0578125 0.0703125
0 0.6390625 0.6984375 0.028125 0.028125
0 0.6640625 0.5046875 0.059375 0.06875
0 0.671875 0.571875 0.053125 0.0609375
0 0.66875 0.7046875 0.0265625 0.0359375
0 0.7125 0.653125 0.04375 0.059375
0 0.796875 0.7359375 0.075 0.0765625
0 0.8046875 0.5875 0.04375 0.0453125