0 0.715625 0.4015625 0.0703125 0.09375
0 0.396875 0.446875 0.0421875 0.040625
0 0.4046875 0.6234375 0.0484375 0.025
0 0.4046875 0.659375 0.0484375 0.0359375
0 0.4109375 0.5890625 0.046875 0.0375
0 0.421875 0.4296875 0.028125 0.025
0 0.4234375 0.3140625 0.021875 0.0234375
0 0.434375 0.565625 0.040625 0.0359375
0 0.4453125 0.3125 0.0203125 0.025
0 0.4609375 0.540625 0.034375 0.0140625
0 0.459375 0.3359375 0.021875 0.0171875
0 0.459375 0.4109375 0.0203125 0.021875
0 0.4671875 0.365625 0.0296875 0.025
0 0.4859375 0.4015625 0.0234375 0.025
0 0.4890625 0.29375 0.0234375 0.0140625
0 0.5078125 0.5265625 0.040625 0.03125
0 0.5078125 0.309375 0.025 0.025
0 0.5234375 0.4046875 0.0296875 0.01875
0 0.5234375 0.4328125 0.0296875 0.028125
0 0.5453125 0.4515625 0.0328125 0.0328125
0 0.5828125 0.4828125 0.046875 0.03125
0 0.590625 0.4125 0.0265625 0.025
0 0.6328125 0.421875 0.034375 0.03125
0 0.6515625 0.5078125 0.0375 0.0484375
0 0.725 0.5078125 0.0359375 0.0265625
0 0.7953125 0.515625 0.04375 0.0265625
0 0.8484375 0.5296875 0.040625 0.0484375
0 0.8921875 0.5625 0.0546875 0.0375