0 0.5578125 0.5125 0.15 0.1515625
0 0.21875 0.7765625 0.1046875 0.1359375
0 0.265625 0.54375 0.1546875 0.08125
0 0.2828125 0.4484375 0.1625 0.1296875
0 0.26875 0.071875 0.1296875 0.14375
0 0.2796875 0.803125 0.1421875 0.1546875
0 0.2765625 0.3328125 0.1203125 0.1015625
0 0.2921875 0.5890625 0.121875 0.1015625
0 0.31875 0.6578125 0.1453125 0.1359375
0 0.428125 0.071875 0.2015625 0.1421875
0 0.39375 0.4546875 0.1125 0.109375
0 0.403125 0.340625 0.1015625 0.096875
0 0.425 0.7515625 0.1046875 0.121875
0 0.4421875 0.1890625 0.109375 0.1140625
0 0.4421875 0.5625 0.0765625 0.0828125
0 0.4515625 0.40625 0.0765625 0.0984375
0 0.5296875 0.753125 0.1609375 0.15
0 0.5859375 0.9328125 0.2046875 0.13125
0 0.5859375 0.04375 0.0921875 0.05625
0 0.5875 0.10625 0.0953125 0.084375
0 0.6203125 0.2734375 0.08125 0.109375
0 0.7078125 0.7640625 0.1890625 0.178125
0 0.70625 0.09375 0.1078125 0.1015625
0 0.7171875 0.321875 0.125 0.09375
0 0.7234375 0.2328125 0.115625 0.078125
0 0.73125 0.465625 0.13125 0.11875
0 0.759375 0.6421875 0.15 0.171875
0 0.7671875 0.5296875 0.1328125 0.0984375
0 0.7515625 0.0265625 0.096875 0.053125
0 0.7953125 0.2203125 0.078125 0.1109375
0 0.80625 0.125 0.0546875 0.0984375