0 0.4453125 0.4765625 0.11875 0.13125
0 0.0296875 0.6546875 0.04375 0.0796875
0 0.0765625 0.5546875 0.1296875 0.11875
0 0.0765625 0.6609375 0.0515625 0.09375
0 0.2 0.8359375 0.115625 0.103125
0 0.3234375 0.5703125 0.0296875 0.0578125
0 0.3578125 0.6203125 0.046875 0.0453125
0 0.4734375 0.359375 0.1234375 0.1046875
0 0.553125 0.2453125 0.1609375 0.13125
0 0.5109375 0.984375 0.053125 0.0265625
0 0.509375 0.5625 0.0453125 0.046875
0 0.56875 0.4921875 0.0875 0.115625
0 0.5984375 0.1265625 0.121875 0.1375
0 0.6046875 0.58125 0.046875 0.090625
0 0.66875 0.584375 0.071875 0.0859375
0 0.7515625 0.459375 0.1375 0.121875
0 0.73125 0.6109375 0.0390625 0.0765625
0 0.740625 0.971875 0.0296875 0.0515625
0 0.8078125 0.91875 0.0359375 0.0609375
0 0.8109375 0.9765625 0.025 0.040625
0 0.8421875 0.925 0.03125 0.053125
0 0.8515625 0.5875 0.0515625 0.0890625
0 0.859375 0.975 0.0125 0.040625
0 0.8875 0.55625 0.0328125 0.0578125
0 0.9125 0.3375 0.04375 0.065625
0 0.928125 0.3 0.04375 0.071875
0 0.9359375 0.978125 0.03125 0.0390625
0 0.9625 0.3765625 0.0546875 0.0578125
0 0.959375 0.925 0.0328125 0.0734375
0 0.9640625 0.2234375 0.04375 0.103125
0 0.975 0.86875 0.0453125 0.0796875
0 0.9890625 0.925 0.0171875 0.0328125
0 0.990625 0.9703125 0.0125 0.0375