0 0.2890625 0.6109375 0.065625 0.06875
0 0.178125 0.6375 0.0078125 0.009375
0 0.503125 0.4375 0.6578125 0.68125
0 0.1796875 0.6609375 0.00625 0.0078125
0 0.1859375 0.7359375 0.0109375 0.0109375
0 0.2015625 0.8640625 0.009375 0.0125
0 0.2046875 0.9140625 0.0109375 0.0109375
0 0.20625 0.678125 0.009375 0.00625
0 0.228125 0.821875 0.0171875 0.015625
0 0.2296875 0.8546875 0.0109375 0.0109375
0 0.2390625 0.6609375 0.0078125 0.01875
0 0.2640625 0.6703125 0.0125 0.009375
0 0.2640625 0.90625 0.00625 0.0109375
0 0.271875 0.9140625 0.009375 0.0125
0 0.2890625 0.9703125 0.0125 0.0078125
0 0.2921875 0.95625 0.0125 0.009375
0 0.3046875 0.925 0.0109375 0.0125
0 0.303125 0.6984375 0.0046875 0.0125
0 0.309375 0.9359375 0.0109375 0.009375
0 0.3203125 0.6703125 0.025 0.028125
0 0.3296875 0.7671875 0.0125 0.009375
0 0.3484375 0.915625 0.0171875 0.0125
0 0.34375 0.7640625 0.0046875 0.00625
0 0.346875 0.734375 0.0109375 0.009375
0 0.3484375 0.70625 0.009375 0.0109375
0 0.35625 0.89375 0.00625 0.009375
0 0.3609375 0.6859375 0.0078125 0.00625
0 0.378125 0.8453125 0.0109375 0.0109375
0 0.3890625 0.79375 0.009375 0.009375
0 0.3921875 0.778125 0.0125 0.0078125
0 0.4 0.8515625 0.0078125 0.0109375
0 0.4046875 0.878125 0.009375 0.0140625
0 0.409375 0.78125 0.0125 0.0125
0 0.4109375 0.8609375 0.0125 0.009375
0 0.4109375 0.8984375 0.0125 0.0203125
0 0.4109375 0.7625 0.00625 0.009375
0 0.41875 0.8359375 0.0109375 0.009375
0 0.4265625 0.8390625 0.0078125 0.0109375
0 0.4484375 0.8421875 0.0125 0.015625
0 0.4546875 0.94375 0.01875 0.0203125
0 0.4625 0.86875 0.009375 0.0109375
0 0.46875 0.8984375 0.0171875 0.015625