0 0.2578125 0.84375 0.0484375 0.03125
0 0.278125 0.8625 0.040625 0.021875
0 0.340625 0.79375 0.0578125 0.0375
0 0.359375 0.8578125 0.03125 0.034375
0 0.4109375 0.7515625 0.0421875 0.03125
0 0.484375 0.7484375 0.03125 0.053125
0 0.675 0.771875 0.0328125 0.0234375
0 0.7046875 0.6828125 0.0234375 0.025
0 0.809375 0.60625 0.025 0.021875
0 0.8421875 0.846875 0.03125 0.0328125
0 0.85625 0.725 0.0390625 0.0375
0 0.928125 0.609375 0.0453125 0.046875
0 0.96875 0.571875 0.0375 0.0375
0 0.9828125 0.6625 0.0328125 0.0203125