0 0.0015625 0.5703125 0.003125 0.015625
0 0.071875 0.7671875 0.14375 0.078125
0 0.0109375 0.5890625 0.0078125 0.0125
0 0.01875 0.5875 0.0015625 0.00625
0 0.0265625 0.596875 0.0125 0.015625
0 0.0390625 0.5765625 0.00625 0.015625
0 0.0484375 0.5796875 0.0109375 0.0171875
0 0.05625 0.6390625 0.0109375 0.0125
0 0.165625 0.615625 0.0109375 0.015625
0 0.16875 0.7375 0.0140625 0.0234375
0 0.1703125 0.771875 0.0171875 0.0265625
0 0.1828125 0.63125 0.009375 0.01875
0 0.19375 0.5890625 0.0125 0.0125
0 0.2296875 0.7765625 0.0640625 0.0546875
0 0.315625 0.5703125 0.009375 0.0140625
0 0.3171875 0.534375 0.0125 0.0140625
0 0.653125 0.7734375 0.1375 0.05625
0 0.8171875 0.609375 0.0078125 0.00625
0 0.828125 0.609375 0.00625 0.015625
0 0.83125 0.5859375 0.009375 0.00625
0 0.915625 0.7671875 0.16875 0.0828125
0 0.8421875 0.5421875 0.0078125 0.00625
0 0.84375 0.59375 0.0046875 0.009375
0 0.853125 0.528125 0.0109375 0.0140625
0 0.8546875 0.5765625 0.0078125 0.0125
0 0.8796875 0.609375 0.021875 0.0203125
0 0.878125 0.54375 0.00625 0.0125
0 0.8796875 0.6375 0.009375 0.0171875
0 0.8953125 0.5921875 0.0125 0.0140625
0 0.903125 0.578125 0.0015625 0.0078125
0 0.90625 0.5703125 0.00625 0.009375
0 0.9375 0.5796875 0.009375 0.0109375
0 0.9515625 0.6078125 0.009375 0.00625
0 0.953125 0.5921875 0.009375 0.0109375
0 0.98125 0.590625 0.00625 0.01875
0 0.9875 0.6390625 0.00625 0.0125