0 0.753125 0.534375 0.2734375 0.1953125
0 0.046875 0.2515625 0.0921875 0.1015625
0 0.1 0.759375 0.1421875 0.1390625
0 0.2203125 0.590625 0.2765625 0.190625
0 0.1796875 0.771875 0.053125 0.0453125
0 0.23125 0.809375 0.153125 0.05
0 0.2265625 0.2375 0.0703125 0.0671875
0 0.38125 0.60625 0.021875 0.0453125
0 0.4765625 0.2734375 0.1171875 0.0640625
0 0.4890625 0.4625 0.1390625 0.075
0 0.5515625 0.575 0.1296875 0.0765625
0 0.5359375 0.4171875 0.0609375 0.0234375
0 0.640625 0.3046875 0.071875 0.0421875
0 0.7015625 0.2609375 0.078125 0.046875
0 0.7359375 0.45 0.046875 0.059375
0 0.80625 0.3984375 0.06875 0.0484375
0 0.9328125 0.253125 0.10625 0.1109375
0 0.9578125 0.55 0.08125 0.071875