0 0.3421875 0.3921875 0.0375 0.015625
0 0.3421875 0.4546875 0.0265625 0.0203125
0 0.346875 0.3765625 0.03125 0.021875
0 0.371875 0.5078125 0.0703125 0.0546875
0 0.353125 0.4703125 0.01875 0.0234375
0 0.3703125 0.40625 0.025 0.0125
0 0.371875 0.4359375 0.01875 0.015625
0 0.5546875 0.5125 0.0046875 0.0171875
0 0.5640625 0.4359375 0.0171875 0.0203125
0 0.5765625 0.496875 0.0203125 0.01875
0 0.584375 0.440625 0.0171875 0.0203125
0 0.590625 0.478125 0.021875 0.015625
0 0.6046875 0.4953125 0.0234375 0.01875
0 0.68125 0.471875 0.046875 0.03125
0 0.7078125 0.45625 0.040625 0.034375
0 0.740625 0.4453125 0.025 0.034375