0 0.3109375 0.709375 0.0828125 0.075
0 0.1796875 0.840625 0.0234375 0.128125
0 0.1953125 0.5625 0.040625 0.0609375
0 0.2125 0.475 0.034375 0.0390625
0 0.228125 0.5359375 0.021875 0.028125
0 0.25 0.725 0.059375 0.0734375
0 0.246875 0.5578125 0.021875 0.025
0 0.2578125 0.621875 0.034375 0.034375
0 0.3015625 0.515625 0.059375 0.06875
0 0.3875 0.6046875 0.159375 0.140625
0 0.3390625 0.5015625 0.0234375 0.0546875
0 0.3859375 0.4734375 0.03125 0.0421875
0 0.43125 0.5171875 0.01875 0.0203125
0 0.4359375 0.4828125 0.021875 0.03125
0 0.4578125 0.4796875 0.040625 0.0484375
0 0.471875 0.5234375 0.01875 0.0296875
0 0.55 0.5015625 0.140625 0.08125
0 0.5078125 0.70625 0.0484375 0.0671875
0 0.5546875 0.659375 0.046875 0.0734375
0 0.56875 0.553125 0.0375 0.0375
0 0.6046875 0.55625 0.028125 0.0265625
0 0.73125 0.5265625 0.203125 0.1359375
0 0.6640625 0.678125 0.0609375 0.065625
0 0.715625 0.5890625 0.028125 0.0390625