0 0.0234375 0.3328125 0.009375 0.009375
0 0.0578125 0.378125 0.009375 0.0140625
0 0.0671875 0.2984375 0.0078125 0.0125
0 0.0984375 0.4109375 0.0046875 0.009375
0 0.1125 0.4453125 0.0078125 0.00625
0 0.1140625 0.3390625 0.009375 0.0125
0 0.1296875 0.328125 0.009375 0.0109375
0 0.134375 0.3015625 0.00625 0.0125
0 0.1390625 0.4625 0.0078125 0.0109375
0 0.15 0.396875 0.0078125 0.009375
0 0.153125 0.3484375 0.0125 0.015625
0 0.175 0.353125 0.009375 0.0109375
0 0.2328125 0.3390625 0.00625 0.009375
0 0.4 0.5984375 0.078125 0.046875
0 0.44375 0.5578125 0.00625 0.0078125
0 0.4609375 0.59375 0.0171875 0.015625
0 0.5734375 0.5265625 0.05 0.021875
0 0.821875 0.6 0.01875 0.015625
0 0.8375 0.584375 0.0078125 0.009375
0 0.88125 0.5671875 0.078125 0.090625
0 0.8546875 0.6046875 0.0078125 0.0078125
0 0.925 0.5953125 0.00625 0.0078125
0 0.9359375 0.55625 0.00625 0.00625