0 0.540625 0.5203125 0.00625 0.00625
0 0.6828125 0.5625 0.0125 0.0125
0 0.69375 0.55 0.00625 0.00625
0 0.696875 0.5234375 0.0046875 0.003125
0 0.696875 0.5140625 0.00625 0.0046875
0 0.721875 0.4640625 0.0140625 0.0125
0 0.721875 0.525 0.0046875 0.003125
0 0.725 0.546875 0.0078125 0.009375
0 0.7265625 0.5796875 0.0125 0.0109375
0 0.73125 0.496875 0.015625 0.021875
0 0.73125 0.475 0.0140625 0.0171875
0 0.73125 0.5984375 0.0078125 0.0109375
0 0.7296875 0.5109375 0.0046875 0.009375
0 0.734375 0.4828125 0.00625 0.009375
0 0.740625 0.603125 0.009375 0.0109375
0 0.746875 0.5109375 0.0109375 0.009375
0 0.7515625 0.6109375 0.0109375 0.0125
0 0.753125 0.5984375 0.0078125 0.0078125
0 0.759375 0.5109375 0.00625 0.009375
0 0.78125 0.4828125 0.01875 0.021875
0 0.778125 0.528125 0.0046875 0.0046875
0 0.7890625 0.5234375 0.0140625 0.009375
0 0.790625 0.60625 0.0140625 0.0265625
0 0.8046875 0.540625 0.0046875 0.009375
0 0.8078125 0.51875 0.009375 0.00625
0 0.815625 0.54375 0.009375 0.009375
0 0.8171875 0.49375 0.0046875 0.00625
0 0.8265625 0.5421875 0.0046875 0.00625
0 0.83125 0.4828125 0.0046875 0.00625
0 0.8328125 0.5359375 0.0046875 0.0046875
0 0.85 0.4921875 0.0046875 0.003125
0 0.8609375 0.521875 0.0140625 0.0125
0 0.8578125 0.5078125 0.0015625 0.0015625
0 0.8609375 0.4921875 0.003125 0.0046875
0 0.8890625 0.528125 0.00625 0.0078125
0 0.89375 0.621875 0.0140625 0.0109375
0 0.8953125 0.5109375 0.0171875 0.015625