0 0.859375 0.3390625 0.10625 0.084375
0 0.103125 0.5921875 0.15625 0.140625
0 0.1265625 0.3515625 0.171875 0.1265625
0 0.2921875 0.6234375 0.0453125 0.05
0 0.334375 0.5703125 0.090625 0.0875
0 0.340625 0.340625 0.0875 0.084375
0 0.3859375 0.6296875 0.05625 0.05625
0 0.6359375 0.3671875 0.1453125 0.1375
0 0.6015625 0.6296875 0.0390625 0.05625
0 0.6484375 0.5765625 0.096875 0.096875
0 0.709375 0.6234375 0.0484375 0.05
0 0.7984375 0.375 0.04375 0.05
0 0.89375 0.5890625 0.15625 0.140625
0 0.915625 0.36875 0.0390625 0.0453125