0 0.421875 0.190625 0.2609375 0.15
0 0.4546875 0.38125 0.0140625 0.028125
0 0.4578125 0.5828125 0.0109375 0.0125
0 0.5140625 0.0859375 0.015625 0.0109375
0 0.51875 0.565625 0.0109375 0.0109375
0 0.5640625 0.6421875 0.0125 0.0171875
0 0.59375 0.5796875 0.0125 0.0109375
0 0.6453125 0.1328125 0.0859375 0.0828125
0 0.6328125 0.559375 0.0140625 0.0140625
0 0.7234375 0.4875 0.0234375 0.01875
0 0.73125 0.234375 0.0078125 0.015625
0 0.7453125 0.24375 0.0109375 0.0109375
0 0.7546875 0.20625 0.021875 0.0265625
0 0.7828125 0.3046875 0.01875 0.01875
0 0.7984375 0.2890625 0.0125 0.021875