0 0.215625 0.75625 0.034375 0.0296875
0 0.253125 0.71875 0.034375 0.01875
0 0.375 0.653125 0.021875 0.0203125
0 0.4015625 0.6203125 0.0203125 0.0140625
0 0.41875 0.76875 0.021875 0.0140625
0 0.49375 0.6640625 0.025 0.0296875
0 0.4984375 0.6421875 0.034375 0.01875
0 0.55625 0.7171875 0.0265625 0.015625
0 0.5578125 0.6328125 0.015625 0.0140625
0 0.603125 0.634375 0.0203125 0.015625
0 0.6203125 0.6796875 0.01875 0.0109375
0 0.634375 0.6671875 0.025 0.0125
0 0.653125 0.7 0.0234375 0.01875
0 0.6640625 0.7578125 0.03125 0.0296875
0 0.68125 0.6484375 0.0234375 0.01875
0 0.696875 0.6 0.0125 0.0140625
0 0.7203125 0.7828125 0.01875 0.0171875
0 0.7578125 0.721875 0.025 0.021875
0 0.7703125 0.6515625 0.0375 0.028125
0 0.875 0.796875 0.0375 0.028125
0 0.9015625 0.6515625 0.01875 0.015625
0 0.95 0.6546875 0.0171875 0.0171875