0 0.159375 0.1921875 0.0140625 0.1671875
0 0.175 0.1078125 0.034375 0.0703125
0 0.19375 0.4484375 0.025 0.0734375
0 0.2015625 0.1140625 0.0265625 0.0703125
0 0.25 0.109375 0.0390625 0.16875
0 0.2921875 0.13125 0.0359375 0.1796875
0 0.3890625 0.11875 0.0203125 0.0921875
0 0.41875 0.1 0.03125 0.13125
0 0.4578125 0.553125 0.10625 0.603125
0 0.51875 0.109375 0.025 0.165625
0 0.5875 0.1234375 0.0328125 0.15625
0 0.7046875 0.5453125 0.1796875 0.640625
0 0.690625 0.159375 0.03125 0.128125
0 0.7796875 0.265625 0.0359375 0.15
0 0.8421875 0.2171875 0.0125 0.103125
0 0.8484375 0.1234375 0.021875 0.090625
0 0.8640625 0.3 0.01875 0.1734375