0 0.240625 0.6375 0.1375 0.1046875
0 0.0390625 0.3765625 0.078125 0.10625
0 0.0453125 0.771875 0.0890625 0.0546875
0 0.1640625 0.521875 0.1484375 0.10625
0 0.2796875 0.8203125 0.153125 0.1
0 0.41875 0.378125 0.1296875 0.0875
0 0.4421875 0.45 0.1078125 0.078125
0 0.478125 0.625 0.159375 0.096875
0 0.4859375 0.7296875 0.1515625 0.1265625
0 0.5796875 0.4140625 0.1125 0.1078125
0 0.6328125 0.7375 0.1421875 0.078125
0 0.66875 0.26875 0.15625 0.1171875
0 0.7578125 0.5921875 0.14375 0.065625
0 0.775 0.771875 0.1484375 0.103125
0 0.79375 0.540625 0.1140625 0.0734375
0 0.8765625 0.4625 0.146875 0.0703125
0 0.934375 0.5390625 0.128125 0.1453125