0 0.2578125 0.703125 0.24375 0.221875
0 0.015625 0.5078125 0.03125 0.09375
0 0.0828125 0.4421875 0.165625 0.14375
0 0.1046875 0.5453125 0.1109375 0.10625
0 0.384375 0.375 0.1328125 0.146875
0 0.38125 0.5828125 0.028125 0.0328125
0 0.41875 0.5984375 0.065625 0.065625
0 0.4328125 0.65 0.0515625 0.0625
0 0.484375 0.5875 0.059375 0.06875
0 0.590625 0.534375 0.09375 0.1015625
0 0.5671875 0.6078125 0.0359375 0.0453125
0 0.715625 0.375 0.196875 0.221875
0 0.7578125 0.54375 0.0640625 0.078125
0 0.734375 0.6078125 0.015625 0.0421875
0 0.8515625 0.659375 0.0671875 0.071875
0 0.865625 0.56875 0.0796875 0.071875
0 0.95 0.484375 0.0875 0.0859375
0 0.978125 0.509375 0.0421875 0.065625