0 0.04375 0.4171875 0.0875 0.0875
0 0.0546875 0.5375 0.10625 0.14375
0 0.0890625 0.675 0.175 0.175
0 0.15625 0.315625 0.0984375 0.1578125
0 0.2015625 0.40625 0.134375 0.1265625
0 0.2578125 0.625 0.165625 0.1453125
0 0.2328125 0.2421875 0.0890625 0.08125
0 0.31875 0.384375 0.1953125 0.15
0 0.309375 0.2625 0.128125 0.134375
0 0.421875 0.6296875 0.146875 0.1484375
0 0.4234375 0.4578125 0.14375 0.1640625
0 0.4546875 0.2953125 0.165625 0.1421875
0 0.5296875 0.571875 0.2109375 0.1890625
0 0.5859375 0.2359375 0.1328125 0.1375
0 0.6390625 0.459375 0.1890625 0.13125
0 0.715625 0.634375 0.15625 0.1703125
0 0.8203125 0.3640625 0.1515625 0.140625
0 0.884375 0.5484375 0.1625 0.1625
0 0.9453125 0.2953125 0.1078125 0.1234375
0 0.9515625 0.475 0.09375 0.1171875