0 0.275 0.4984375 0.015625 0.015625
0 0.2734375 0.378125 0.009375 0.0140625
0 0.2765625 0.5609375 0.0109375 0.0140625
0 0.2796875 0.4015625 0.015625 0.0140625
0 0.2890625 0.3765625 0.0140625 0.0125
0 0.303125 0.3609375 0.015625 0.0125
0 0.3109375 0.490625 0.0125 0.015625
0 0.31875 0.4765625 0.0125 0.01875
0 0.3296875 0.5125 0.0109375 0.0125
0 0.334375 0.3984375 0.01875 0.01875
0 0.346875 0.6140625 0.0203125 0.0171875
0 0.359375 0.453125 0.0171875 0.01875
0 0.3625 0.546875 0.025 0.015625
0 0.3734375 0.496875 0.0109375 0.009375
0 0.3875 0.3578125 0.01875 0.0140625
0 0.3984375 0.3078125 0.0109375 0.0109375
0 0.4109375 0.303125 0.0140625 0.0078125
0 0.415625 0.478125 0.015625 0.0171875
0 0.43125 0.53125 0.015625 0.0203125
0 0.434375 0.4546875 0.0109375 0.009375
0 0.4375 0.328125 0.0171875 0.015625
0 0.44375 0.5984375 0.01875 0.01875
0 0.4453125 0.6640625 0.01875 0.0203125
0 0.45625 0.3421875 0.0203125 0.0171875
0 0.471875 0.3203125 0.015625 0.01875
0 0.4734375 0.5046875 0.015625 0.0203125
0 0.490625 0.3515625 0.0203125 0.01875
0 0.4921875 0.3015625 0.021875 0.015625
0 0.496875 0.728125 0.0125 0.0125
0 0.5015625 0.296875 0.0109375 0.00625
0 0.5125 0.76875 0.0171875 0.015625
0 0.5296875 0.6859375 0.015625 0.0140625
0 0.5296875 0.7171875 0.015625 0.0140625
0 0.5359375 0.6734375 0.015625 0.0171875
0 0.571875 0.709375 0.015625 0.0171875
0 0.578125 0.6703125 0.015625 0.01875
0 0.59375 0.703125 0.015625 0.01875
0 0.596875 0.6890625 0.0125 0.0125
0 0.5984375 0.4859375 0.0140625 0.009375
0 0.6046875 0.6546875 0.021875 0.0203125
0 0.6171875 0.340625 0.015625 0.01875
0 0.6546875 0.490625 0.015625 0.01875
0 0.6625 0.403125 0.021875 0.0171875
0 0.6875 0.4953125 0.015625 0.01875