0 0.946875 0.7453125 0.0734375 0.084375
0 0.3203125 0.628125 0.03125 0.0359375
0 0.3828125 0.64375 0.0921875 0.0515625
0 0.35625 0.5703125 0.0203125 0.034375
0 0.3828125 0.7125 0.0203125 0.021875
0 0.40625 0.6875 0.0265625 0.03125
0 0.440625 0.6140625 0.021875 0.0359375
0 0.4703125 0.5015625 0.0109375 0.0140625
0 0.5 0.6765625 0.0359375 0.03125
0 0.540625 0.6265625 0.034375 0.040625
0 0.5890625 0.64375 0.03125 0.053125
0 0.590625 0.7 0.0328125 0.0375
0 0.6015625 0.590625 0.053125 0.046875
0 0.628125 0.65625 0.0328125 0.053125
0 0.6578125 0.7359375 0.028125 0.0265625
0 0.675 0.6734375 0.0546875 0.046875
0 0.709375 0.740625 0.040625 0.0390625
0 0.7203125 0.571875 0.0375 0.040625
0 0.74375 0.684375 0.0453125 0.0328125
0 0.7921875 0.41875 0.0203125 0.0171875
0 0.825 0.6390625 0.0265625 0.0203125
0 0.8453125 0.740625 0.0328125 0.0390625
0 0.909375 0.684375 0.059375 0.0375
0 0.90625 0.3875 0.025 0.0265625
0 0.91875 0.6046875 0.0359375 0.059375
0 0.9328125 0.53125 0.0328125 0.025
0 0.94375 0.64375 0.0375 0.053125
0 0.9515625 0.575 0.0328125 0.0484375
0 0.984375 0.5265625 0.0296875 0.0546875