0 0.1796875 0.8453125 0.0859375 0.090625
0 0.1296875 0.4140625 0.009375 0.0296875
0 0.1328125 0.2921875 0.015625 0.034375
0 0.1328125 0.3765625 0.015625 0.0234375
0 0.134375 0.8609375 0.0171875 0.0640625
0 0.1359375 0.50625 0.021875 0.0484375
0 0.140625 0.7125 0.03125 0.0625
0 0.14375 0.3296875 0.0359375 0.046875
0 0.2828125 0.0984375 0.315625 0.196875
0 0.1375 0.446875 0.01875 0.0390625
0 0.1390625 0.2203125 0.021875 0.021875
0 0.15 0.4296875 0.0375 0.034375
0 0.1578125 0.7328125 0.053125 0.046875
0 0.1515625 0.2671875 0.0296875 0.025
0 0.153125 0.2453125 0.0234375 0.0265625
0 0.1734375 0.303125 0.03125 0.034375
0 0.19375 0.6375 0.0390625 0.0375
0 0.21875 0.5390625 0.05625 0.0484375
0 0.209375 0.2046875 0.0125 0.0203125
0 0.225 0.60625 0.040625 0.0453125
0 0.234375 0.2203125 0.0359375 0.0296875
0 0.2390625 0.471875 0.0296875 0.01875
0 0.25625 0.7046875 0.0609375 0.0609375
0 0.259375 0.4234375 0.0484375 0.0421875
0 0.26875 0.353125 0.0578125 0.0328125
0 0.2828125 0.475 0.04375 0.03125
0 0.2859375 0.51875 0.05 0.046875
0 0.334375 0.659375 0.04375 0.0375
0 0.346875 0.8328125 0.053125 0.053125
0 0.359375 0.503125 0.0421875 0.0390625
0 0.371875 0.5671875 0.0453125 0.03125
0 0.43125 0.4078125 0.0515625 0.025
0 0.4328125 0.31875 0.04375 0.040625
0 0.4546875 0.2515625 0.0390625 0.034375
0 0.459375 0.0734375 0.0328125 0.034375
0 0.45625 0.0375 0.025 0.0296875
0 0.4703125 0.1734375 0.028125 0.0203125
0 0.475 0.0125 0.03125 0.021875
0 0.4875 0.8640625 0.0578125 0.0578125
0 0.478125 0.490625 0.0359375 0.0359375
0 0.48125 0.3828125 0.0359375 0.034375
0 0.4859375 0.6421875 0.040625 0.0421875
0 0.48125 0.065625 0.0171875 0.015625
0 0.509375 0.0953125 0.0234375 0.0203125
0 0.5109375 0.01875 0.028125 0.0234375
0 0.5203125 0.3703125 0.0390625 0.0265625
0 0.5203125 0.49375 0.0390625 0.025
0 0.5171875 0.0046875 0.0203125 0.009375
0 0.5359375 0.271875 0.04375 0.0234375
0 0.5359375 0.8609375 0.0390625 0.0640625
0 0.559375 0.58125 0.053125 0.053125
0 0.5796875 0.0625 0.028125 0.025
0 0.5921875 0.521875 0.040625 0.028125
0 0.5921875 0.11875 0.025 0.025
0 0.596875 0.009375 0.0296875 0.0171875
0 0.659375 0.353125 0.153125 0.0875
0 0.596875 0.078125 0.0203125 0.0078125
0 0.6078125 0.040625 0.0234375 0.01875
0 0.6140625 0.1015625 0.0296875 0.0234375
0 0.621875 0.0234375 0.025 0.021875
0 0.634375 0.1859375 0.040625 0.028125
0 0.65 0.659375 0.0453125 0.046875
0 0.6390625 0.2546875 0.01875 0.01875
0 0.646875 0.471875 0.03125 0.034375
0 0.6453125 0.040625 0.025 0.01875
0 0.659375 0.428125 0.028125 0.028125
0 0.6765625 0.0109375 0.0359375 0.0203125
0 0.671875 0.4890625 0.0234375 0.0328125
0 0.6890625 0.73125 0.0578125 0.053125
0 0.6796875 0.2453125 0.03125 0.0328125
0 0.6796875 0.0453125 0.03125 0.0296875
0 0.69375 0.6453125 0.046875 0.05
0 0.690625 0.0734375 0.0390625 0.0265625
0 0.6890625 0.425 0.0265625 0.0328125
0 0.6921875 0.2796875 0.0203125 0.034375
0 0.696875 0.1265625 0.025 0.025
0 0.7046875 0.20625 0.01875 0.01875
0 0.7140625 0.459375 0.0234375 0.021875
0 0.715625 0.40625 0.028125 0.01875
0 0.7234375 0.0671875 0.028125 0.034375
0 0.728125 0.125 0.0265625 0.028125
0 0.7328125 0.28125 0.03125 0.034375
0 0.753125 0.94375 0.0640625 0.065625
0 0.7359375 0.821875 0.025 0.028125
0 0.7375 0.1015625 0.0265625 0.0140625
0 0.746875 0.5203125 0.028125 0.03125
0 0.7484375 0.5703125 0.03125 0.0265625
0 0.7546875 0.378125 0.0421875 0.034375
0 0.7546875 0.4140625 0.0390625 0.0296875
0 0.7546875 0.0796875 0.034375 0.0203125
0 0.75625 0.4359375 0.03125 0.0234375
0 0.7609375 0.4765625 0.03125 0.03125
0 0.7625 0.121875 0.03125 0.0296875
0 0.778125 0.8078125 0.0578125 0.0640625
0 0.7703125 0.0421875 0.028125 0.025
0 0.775 0.0640625 0.03125 0.0171875
0 0.775 0.540625 0.03125 0.0234375
0 0.778125 0.2203125 0.0375 0.0296875
0 0.78125 0.5125 0.034375 0.0359375
0 0.790625 0.9890625 0.04375 0.0203125
0 0.796875 0.6515625 0.0484375 0.04375
0 0.8015625 0.4703125 0.05625 0.0453125
0 0.7984375 0.121875 0.0296875 0.028125
0 0.8078125 0.40625 0.034375 0.0359375
0 0.8125 0.559375 0.0421875 0.0421875
0 0.8140625 0.16875 0.03125 0.0328125
0 0.83125 0.0796875 0.0359375 0.0296875
0 0.828125 0.1015625 0.021875 0.015625
0 0.846875 0.1296875 0.0546875 0.03125
0 0.8453125 0.3890625 0.0375 0.0296875
0 0.8546875 0.3671875 0.034375 0.0234375
0 0.8515625 0.090625 0.01875 0.0171875
0 0.8578125 0.421875 0.0296875 0.0265625
0 0.8625 0.4640625 0.0234375 0.025
0 0.865625 0.084375 0.01875 0.0171875
0 0.8671875 0.6828125 0.0125 0.0390625
0 0.8703125 0.103125 0.0078125 0.0125