0 0.8765625 0.6046875 0.1609375 0.109375
0 0.0640625 0.6921875 0.0484375 0.0265625
0 0.065625 0.6046875 0.015625 0.015625
0 0.0703125 0.5015625 0.015625 0.015625
0 0.0890625 0.6234375 0.0265625 0.0296875
0 0.121875 0.465625 0.021875 0.0234375
0 0.1515625 0.6671875 0.059375 0.0484375
0 0.2359375 0.35625 0.221875 0.0875
0 0.1421875 0.5109375 0.03125 0.025
0 0.171875 0.5078125 0.028125 0.025
0 0.1796875 0.6375 0.040625 0.0328125
0 0.184375 0.459375 0.025 0.0234375
0 0.1890625 0.421875 0.0140625 0.0171875
0 0.1984375 0.559375 0.0296875 0.0375
0 0.20625 0.4421875 0.03125 0.021875
0 0.2203125 0.653125 0.0609375 0.040625
0 0.20625 0.4078125 0.01875 0.0125
0 0.221875 0.540625 0.0296875 0.0328125
0 0.2265625 0.71875 0.03125 0.0203125
0 0.2296875 0.4140625 0.0234375 0.025
0 0.2609375 0.4859375 0.0375 0.0328125
0 0.265625 0.56875 0.0421875 0.0421875
0 0.4140625 0.35625 0.265625 0.1140625
0 0.3484375 0.534375 0.0578125 0.04375
0 0.3546875 0.490625 0.0515625 0.0359375
0 0.4109375 0.4625 0.065625 0.0484375
0 0.4578125 0.6671875 0.11875 0.08125
0 0.459375 0.440625 0.0578125 0.04375
0 0.5109375 0.5875 0.0671875 0.05625
0 0.58125 0.3265625 0.0203125 0.0125
0 0.590625 0.3171875 0.0171875 0.009375
0 0.6015625 0.3265625 0.0171875 0.015625
0 0.6328125 0.309375 0.0296875 0.021875
0 0.6828125 0.3390625 0.0328125 0.025
0 0.69375 0.315625 0.021875 0.0265625
0 0.7609375 0.2890625 0.0265625 0.0234375
0 0.7953125 0.415625 0.0703125 0.0359375
0 0.784375 0.384375 0.05 0.0359375
0 0.8015625 0.6078125 0.053125 0.05625
0 0.809375 0.31875 0.0265625 0.015625
0 0.9125 0.2890625 0.1375 0.121875
0 0.978125 0.590625 0.040625 0.0484375
0 0.99375 0.390625 0.009375 0.0171875