0 0.2453125 0.7296875 0.0359375 0.046875
0 0.253125 0.7609375 0.0125 0.01875
0 0.271875 0.7578125 0.0125 0.015625
0 0.2859375 0.6265625 0.040625 0.021875
0 0.2796875 0.728125 0.015625 0.0140625
0 0.278125 0.6625 0.009375 0.015625
0 0.296875 0.678125 0.015625 0.015625
0 0.31875 0.73125 0.059375 0.078125
0 0.3125 0.665625 0.0125 0.0171875
0 0.353125 0.66875 0.0578125 0.04375
0 0.365625 0.61875 0.0234375 0.0140625
0 0.4578125 0.328125 0.03125 0.034375
0 0.5015625 0.334375 0.0234375 0.03125
0 0.5609375 0.41875 0.0125 0.0125
0 0.5921875 0.3984375 0.0234375 0.015625
0 0.603125 0.640625 0.0421875 0.046875
0 0.609375 0.6078125 0.0171875 0.015625
0 0.6125 0.4203125 0.0140625 0.015625
0 0.6125 0.6515625 0.0125 0.0203125
0 0.6171875 0.678125 0.0109375 0.0171875
0 0.6203125 0.6984375 0.0078125 0.0078125
0 0.6359375 0.4796875 0.0328125 0.034375
0 0.6515625 0.725 0.0546875 0.0625
0 0.6453125 0.390625 0.0375 0.03125
0 0.6421875 0.6796875 0.009375 0.009375
0 0.66875 0.5875 0.05 0.028125
0 0.6703125 0.55625 0.053125 0.0234375
0 0.6609375 0.6765625 0.0125 0.0078125
0 0.66875 0.4703125 0.025 0.03125
0 0.6671875 0.65 0.0203125 0.0203125
0 0.671875 0.6328125 0.028125 0.015625
0 0.684375 0.6890625 0.0125 0.009375
0 0.6953125 0.66875 0.009375 0.015625
0 0.7015625 0.7140625 0.0109375 0.0109375
0 0.7390625 0.71875 0.0453125 0.0546875