0 0.2359375 0.6859375 0.20625 0.175
0 0.2140625 0.475 0.0078125 0.0046875
0 0.2375 0.471875 0.0109375 0.0125
0 0.2625 0.834375 0.03125 0.015625
0 0.2984375 0.7953125 0.0265625 0.01875
0 0.4625 0.6796875 0.2453125 0.1875
0 0.365625 0.5640625 0.0390625 0.04375
0 0.3765625 0.834375 0.025 0.025
0 0.421875 0.796875 0.015625 0.0109375
0 0.503125 0.790625 0.0125 0.0140625
0 0.5234375 0.7953125 0.0078125 0.00625
0 0.615625 0.6796875 0.0546875 0.034375
0 0.6171875 0.84375 0.015625 0.009375
0 0.65625 0.7 0.0234375 0.015625
0 0.7109375 0.64375 0.025 0.0203125
0 0.734375 0.7015625 0.0296875 0.0375
0 0.7421875 0.66875 0.0140625 0.015625
0 0.8015625 0.71875 0.0484375 0.0265625
0 0.8296875 0.6828125 0.0328125 0.025
0 0.8546875 0.7609375 0.0390625 0.046875