0 0.1 0.521875 0.028125 0.01875
0 0.1359375 0.546875 0.021875 0.015625
0 0.196875 0.6109375 0.0171875 0.0265625
0 0.2234375 0.6078125 0.021875 0.021875
0 0.225 0.5578125 0.0109375 0.0171875
0 0.2421875 0.5625 0.0125 0.0203125
0 0.2625 0.725 0.0140625 0.015625
0 0.28125 0.6890625 0.015625 0.0140625
0 0.2875 0.5859375 0.00625 0.0125
0 0.3015625 0.48125 0.0234375 0.021875
0 0.3078125 0.6109375 0.01875 0.0078125
0 0.3234375 0.5578125 0.0140625 0.0109375
0 0.3375 0.5875 0.0125 0.009375
0 0.3359375 0.5625 0.009375 0.00625
0 0.3484375 0.571875 0.0125 0.0046875
0 0.3828125 0.7046875 0.015625 0.0109375
0 0.4078125 0.5484375 0.025 0.021875
0 0.509375 0.6484375 0.0109375 0.015625
0 0.5140625 0.7421875 0.0109375 0.0125
0 0.534375 0.55 0.0515625 0.034375
0 0.546875 0.6515625 0.0125 0.009375
0 0.5671875 0.6234375 0.0109375 0.009375
0 0.5828125 0.75625 0.01875 0.015625
0 0.5890625 0.61875 0.0125 0.0125
0 0.61875 0.6828125 0.0125 0.0140625
0 0.628125 0.603125 0.0125 0.0109375
0 0.6546875 0.7453125 0.0203125 0.01875
0 0.659375 0.734375 0.015625 0.0171875
0 0.6671875 0.45625 0.015625 0.01875
0 0.6765625 0.6078125 0.0125 0.009375
0 0.6953125 0.659375 0.0125 0.0125
0 0.7046875 0.671875 0.009375 0.0140625
0 0.7140625 0.578125 0.0125 0.0078125
0 0.7171875 0.55625 0.009375 0.0109375
0 0.71875 0.50625 0.0125 0.00625
0 0.7390625 0.5234375 0.009375 0.0125
0 0.7421875 0.5765625 0.0109375 0.00625
0 0.7578125 0.6765625 0.0125 0.0140625
0 0.7984375 0.6859375 0.0140625 0.0125
0 0.84375 0.6125 0.01875 0.015625
0 0.8515625 0.6890625 0.015625 0.0109375
0 0.884375 0.58125 0.015625 0.0125
0 0.909375 0.578125 0.009375 0.0125
0 0.9078125 0.5625 0.00625 0.00625
0 0.9484375 0.5328125 0.0109375 0.0109375
0 0.9734375 0.5640625 0.015625 0.0125
0 0.9828125 0.5796875 0.0109375 0.0125
0 0.99375 0.5484375 0.0109375 0.009375