0 0.68125 0.5359375 0.06875 0.06875
0 0.096875 0.4296875 0.19375 0.14375
0 0.171875 0.271875 0.1125 0.1484375
0 0.2515625 0.434375 0.1140625 0.0984375
0 0.3578125 0.425 0.1453125 0.1203125
0 0.4671875 0.4625 0.0453125 0.0484375
0 0.503125 0.4078125 0.0484375 0.0421875
0 0.540625 0.45 0.090625 0.0734375
0 0.5640625 0.38125 0.0765625 0.05
0 0.5890625 0.4875 0.0765625 0.0703125
0 0.65 0.465625 0.0671875 0.034375
0 0.6921875 0.45 0.1171875 0.10625
0 0.775 0.6515625 0.05 0.025
0 0.840625 0.41875 0.075 0.0734375
0 0.884375 0.528125 0.06875 0.0765625
0 0.9203125 0.4734375 0.0765625 0.0453125
0 0.94375 0.4453125 0.065625 0.0390625