0 0.00625 0.5109375 0.0125 0.0078125
0 0.0296875 0.49375 0.0109375 0.0078125
0 0.03125 0.4796875 0.0078125 0.009375
0 0.0515625 0.4953125 0.0125 0.0109375
0 0.15 0.6390625 0.015625 0.0140625
0 0.2546875 0.55 0.015625 0.021875
0 0.26875 0.5671875 0.0140625 0.009375
0 0.28125 0.5890625 0.0203125 0.01875
0 0.2953125 0.746875 0.0046875 0.0125
0 0.3078125 0.5890625 0.015625 0.015625
0 0.3390625 0.5484375 0.021875 0.0140625
0 0.3421875 0.60625 0.01875 0.01875
0 0.3484375 0.684375 0.009375 0.009375
0 0.3484375 0.7109375 0.00625 0.0125
0 0.3625 0.5453125 0.01875 0.0203125
0 0.371875 0.5609375 0.0140625 0.0125
0 0.5953125 0.7390625 0.4484375 0.0828125
0 0.3921875 0.525 0.0109375 0.0203125
0 0.4015625 0.5515625 0.015625 0.0171875
0 0.4640625 0.4453125 0.025 0.0546875
0 0.65 0.425 0.03125 0.0328125
0 0.809375 0.6609375 0.21875 0.0796875
0 0.75625 0.5453125 0.015625 0.0171875
0 0.7578125 0.5875 0.009375 0.015625
0 0.7640625 0.528125 0.0203125 0.01875
0 0.7703125 0.6109375 0.01875 0.0203125
0 0.7703125 0.5578125 0.0171875 0.015625
0 0.7984375 0.55 0.0125 0.0109375
0 0.825 0.5984375 0.0125 0.0171875
0 0.8765625 0.4046875 0.0078125 0.0140625
0 0.89375 0.4 0.0125 0.015625
0 0.946875 0.603125 0.103125 0.0953125
0 0.9109375 0.496875 0.0171875 0.0125
0 0.9078125 0.4 0.0078125 0.009375
0 0.9359375 0.528125 0.0125 0.0140625