0 0.0328125 0.578125 0.0625 0.053125
0 0.10625 0.403125 0.0265625 0.028125
0 0.1953125 0.5578125 0.025 0.04375
0 0.2546875 0.396875 0.0265625 0.03125
0 0.3046875 0.3703125 0.025 0.040625
0 0.31875 0.4078125 0.0109375 0.0328125
0 0.34375 0.4125 0.0296875 0.01875
0 0.4859375 0.3484375 0.046875 0.0296875
0 0.5359375 0.428125 0.05 0.028125
0 0.6390625 0.284375 0.0359375 0.0296875
0 0.6375 0.5390625 0.01875 0.0265625
0 0.6375 0.5703125 0.015625 0.025
0 0.6609375 0.578125 0.0203125 0.03125
0 0.66875 0.54375 0.0171875 0.021875
0 0.9140625 0.3171875 0.021875 0.0234375