0 0.5 0.528125 0.9984375 0.215625
0 0.0109375 0.6328125 0.0109375 0.0140625
0 0.01875 0.725 0.0140625 0.01875
0 0.0484375 0.6140625 0.0125 0.0171875
0 0.0625 0.7203125 0.03125 0.021875
0 0.059375 0.75 0.01875 0.021875
0 0.059375 0.5296875 0.0109375 0.0140625
0 0.08125 0.5328125 0.0109375 0.009375
0 0.084375 0.634375 0.0125 0.015625
0 0.121875 0.865625 0.0265625 0.015625
0 0.11875 0.521875 0.015625 0.0125
0 0.134375 0.8 0.0265625 0.0234375
0 0.1390625 0.5875 0.015625 0.0171875
0 0.1453125 0.6875 0.015625 0.0171875
0 0.1453125 0.5359375 0.0109375 0.0125
0 0.1734375 0.86875 0.028125 0.0109375
0 0.16875 0.653125 0.0171875 0.015625
0 0.18125 0.5328125 0.0125 0.009375
0 0.1828125 0.5453125 0.0109375 0.0140625
0 0.1859375 0.6375 0.015625 0.0125
0 0.2046875 0.8 0.0390625 0.025
0 0.19375 0.5734375 0.015625 0.0140625
0 0.2015625 0.6671875 0.0234375 0.0203125
0 0.2046875 0.625 0.0171875 0.0140625
0 0.2078125 0.8265625 0.021875 0.0234375
0 0.2328125 0.765625 0.040625 0.0265625
0 0.2390625 0.8140625 0.028125 0.0203125
0 0.240625 0.621875 0.0203125 0.0140625
0 0.259375 0.7546875 0.0203125 0.0125
0 0.2640625 0.7796875 0.025 0.021875
0 0.284375 0.65 0.0125 0.0140625
0 0.2984375 0.8625 0.03125 0.0234375
0 0.290625 0.6 0.0125 0.015625
0 0.33125 0.8421875 0.025 0.0296875
0 0.3484375 0.859375 0.0296875 0.0234375
0 0.359375 0.6921875 0.0203125 0.0265625
0 0.39375 0.8296875 0.0296875 0.03125
0 0.4125 0.8625 0.0140625 0.021875
0 0.4234375 0.678125 0.028125 0.021875
0 0.4515625 0.7984375 0.0265625 0.021875
0 0.45625 0.8203125 0.0296875 0.021875
0 0.6375 0.5921875 0.015625 0.0140625
0 0.6453125 0.6015625 0.01875 0.0171875
0 0.665625 0.5734375 0.0203125 0.0125
0 0.6921875 0.553125 0.0140625 0.0125
0 0.696875 0.5796875 0.015625 0.0140625
0 0.7046875 0.6234375 0.0171875 0.021875
0 0.7203125 0.61875 0.015625 0.009375
0 0.721875 0.5546875 0.0125 0.009375
0 0.721875 0.56875 0.0125 0.0140625
0 0.721875 0.60625 0.0125 0.0203125
0 0.746875 0.5671875 0.0109375 0.015625
0 0.78125 0.571875 0.0171875 0.015625
0 0.7828125 0.6140625 0.0203125 0.015625
0 0.8828125 0.6421875 0.025 0.0234375
0 0.8953125 0.6859375 0.0234375 0.021875
0 0.896875 0.628125 0.01875 0.0203125
0 0.9078125 0.7359375 0.0234375 0.0234375
0 0.915625 0.603125 0.0234375 0.021875
0 0.9109375 0.64375 0.0125 0.021875
0 0.9203125 0.696875 0.015625 0.0109375
0 0.928125 0.6375 0.01875 0.0140625
0 0.9328125 0.653125 0.021875 0.021875
0 0.95625 0.6515625 0.021875 0.0140625
0 0.965625 0.6671875 0.015625 0.0140625
0 0.9734375 0.6359375 0.01875 0.0171875
0 0.9890625 0.65 0.0140625 0.021875