0 0.65 0.4421875 0.0859375 0.071875
0 0.1734375 0.4 0.1546875 0.0828125
0 0.1984375 0.44375 0.0203125 0.025
0 0.225 0.553125 0.0609375 0.05
0 0.215625 0.4421875 0.015625 0.01875
0 0.2328125 0.4375 0.0203125 0.0109375
0 0.2328125 0.35 0.009375 0.0109375
0 0.2421875 0.35 0.009375 0.009375
0 0.25 0.440625 0.015625 0.0140625
0 0.3453125 0.384375 0.1265625 0.078125
0 0.31875 0.515625 0.0375 0.0171875
0 0.3359375 0.471875 0.0359375 0.028125
0 0.3609375 0.55 0.078125 0.0453125
0 0.61875 0.4640625 0.0296875 0.0234375
0 0.625 0.36875 0.0296875 0.0140625
0 0.6515625 0.4671875 0.0421875 0.025
0 0.68125 0.3734375 0.021875 0.0109375
0 0.8109375 0.4125 0.021875 0.0140625
0 0.9390625 0.378125 0.03125 0.0140625