0 0.1359375 0.9875 0.021875 0.021875
0 0.1359375 0.228125 0.021875 0.0203125
0 0.1375 0.3953125 0.025 0.0203125
0 0.1390625 0.9359375 0.028125 0.034375
0 0.175 0.7171875 0.0796875 0.0515625
0 0.15625 0.328125 0.03125 0.0234375
0 0.1703125 0.8953125 0.034375 0.0265625
0 0.171875 0.3703125 0.025 0.021875
0 0.1796875 0.3296875 0.0140625 0.015625
0 0.2171875 0.4296875 0.03125 0.0234375
0 0.2265625 0.8359375 0.05 0.028125
0 0.2484375 0.378125 0.0703125 0.0515625
0 0.2734375 0.815625 0.046875 0.0328125
0 0.296875 0.9828125 0.0421875 0.0328125
0 0.346875 0.8671875 0.0796875 0.09375
0 0.3390625 0.6609375 0.0328125 0.0265625
0 0.390625 0.925 0.0453125 0.04375
0 0.3921875 0.559375 0.0125 0.0125
0 0.4078125 0.8375 0.0390625 0.04375
0 0.4046875 0.4796875 0.0109375 0.01875
0 0.4171875 0.4546875 0.0109375 0.0125
0 0.421875 0.36875 0.0234375 0.009375
0 0.4375 0.40625 0.0140625 0.0078125
0 0.4421875 0.5140625 0.0140625 0.015625
0 0.44375 0.5265625 0.0125 0.009375
0 0.44375 0.4203125 0.0140625 0.015625
0 0.446875 0.4875 0.021875 0.0125
0 0.4453125 0.3796875 0.0078125 0.0109375
0 0.4921875 0.73125 0.0875 0.0375
0 0.4625 0.4984375 0.0125 0.009375
0 0.478125 0.6265625 0.0125 0.0125
0 0.4953125 0.3140625 0.015625 0.015625
0 0.5078125 0.340625 0.0265625 0.0109375
0 0.51875 0.30625 0.0140625 0.0234375
0 0.5234375 0.5234375 0.0125 0.0140625
0 0.5328125 0.5765625 0.015625 0.034375
0 0.5375 0.3515625 0.01875 0.0125
0 0.5390625 0.38125 0.021875 0.0140625
0 0.5703125 0.5 0.065625 0.025
0 0.6203125 0.8546875 0.1546875 0.1578125
0 0.553125 0.3703125 0.0125 0.0109375
0 0.5609375 0.5265625 0.021875 0.0171875
0 0.6 0.39375 0.0234375 0.0265625
0 0.603125 0.2796875 0.0140625 0.009375
0 0.6046875 0.3609375 0.0125 0.0125
0 0.6140625 0.3421875 0.0140625 0.0078125
0 0.6234375 0.3703125 0.021875 0.0125
0 0.621875 0.3546875 0.0125 0.0078125
0 0.6328125 0.459375 0.01875 0.01875
0 0.6421875 0.634375 0.0375 0.0203125
0 0.6421875 0.7296875 0.03125 0.028125
0 0.659375 0.4390625 0.0203125 0.0125
0 0.696875 0.5671875 0.0484375 0.05
0 0.6921875 0.48125 0.0140625 0.0171875
0 0.696875 0.53125 0.021875 0.0125
0 0.73125 0.5234375 0.0203125 0.0171875
0 0.7328125 0.54375 0.015625 0.009375
0 0.7609375 0.7234375 0.0546875 0.028125
0 0.7828125 0.6125 0.084375 0.06875
0 0.7671875 0.4453125 0.0171875 0.0078125
0 0.7859375 0.534375 0.040625 0.053125
0 0.7875 0.8375 0.034375 0.0375
0 0.796875 0.484375 0.0171875 0.0140625
0 0.8453125 0.7296875 0.0484375 0.0578125
0 0.85625 0.64375 0.034375 0.0171875