0 0.15625 0.478125 0.078125 0.10625
0 0.021875 0.8328125 0.0421875 0.0734375
0 0.0390625 0.5390625 0.0578125 0.04375
0 0.18125 0.809375 0.109375 0.1296875
0 0.16875 0.5265625 0.0625 0.0484375
0 0.2859375 0.6328125 0.2796875 0.1453125
0 0.4171875 0.41875 0.4125 0.30625
0 0.275 0.7796875 0.0984375 0.1140625
0 0.3203125 0.81875 0.103125 0.1109375
0 0.303125 0.290625 0.046875 0.0421875
0 0.425 0.7921875 0.1125 0.1203125
0 0.43125 0.728125 0.090625 0.0796875
0 0.61875 0.7015625 0.2796875 0.2265625
0 0.7328125 0.5234375 0.25625 0.2015625
0 0.6328125 0.26875 0.0515625 0.0578125
0 0.675 0.396875 0.0484375 0.034375
0 0.6765625 0.3296875 0.0390625 0.0375
0 0.6953125 0.3421875 0.0453125 0.0390625
0 0.7296875 0.3375 0.0515625 0.0421875
0 0.7328125 0.303125 0.034375 0.025
0 0.7671875 0.321875 0.040625 0.0234375
0 0.7984375 0.7203125 0.0875 0.103125
0 0.8609375 0.4515625 0.0453125 0.034375
0 0.9046875 0.4671875 0.084375 0.034375