0 0.1875 0.509375 0.0359375 0.0734375
0 0.3515625 0.7328125 0.084375 0.0609375
0 0.3359375 0.575 0.025 0.03125
0 0.365625 0.5953125 0.0265625 0.028125
0 0.3953125 0.65 0.0265625 0.025
0 0.4359375 0.7046875 0.059375 0.0515625
0 0.4328125 0.6703125 0.0296875 0.03125
0 0.43125 0.6046875 0.021875 0.0265625
0 0.4703125 0.5734375 0.01875 0.0203125
0 0.4859375 0.6125 0.025 0.0265625
0 0.5609375 0.609375 0.03125 0.0296875
0 0.60625 0.7359375 0.0921875 0.0921875
0 0.5859375 0.5734375 0.0171875 0.021875
0 0.6125 0.6765625 0.0421875 0.0515625
0 0.6078125 0.6015625 0.025 0.03125
0 0.6421875 0.653125 0.0296875 0.03125
0 0.7328125 0.834375 0.1921875 0.1921875
0 0.6875 0.5890625 0.034375 0.0515625
0 0.75 0.89375 0.096875 0.0796875
0 0.8109375 0.5125 0.0390625 0.075