0 0.1109375 0.525 0.03125 0.015625
0 0.15 0.5015625 0.034375 0.0265625
0 0.2171875 0.590625 0.0234375 0.0078125
0 0.290625 0.5140625 0.03125 0.021875
0 0.3609375 0.465625 0.0671875 0.0359375
0 0.3828125 0.5109375 0.065625 0.025
0 0.465625 0.4421875 0.128125 0.0515625
0 0.61875 0.6203125 0.053125 0.05
0 0.6296875 0.471875 0.0765625 0.0484375
0 0.70625 0.515625 0.0890625 0.05
0 0.73125 0.584375 0.078125 0.053125
0 0.809375 0.6046875 0.084375 0.034375
0 0.80625 0.6578125 0.0609375 0.028125
0 0.95625 0.40625 0.0484375 0.01875
0 0.975 0.4375 0.0484375 0.021875