0 0.00625 0.440625 0.0125 0.021875
0 0.0109375 0.4828125 0.021875 0.01875
0 0.009375 0.4625 0.0171875 0.0203125
0 0.053125 0.390625 0.10625 0.2515625
0 0.0140625 0.4140625 0.01875 0.01875
0 0.0234375 0.3515625 0.021875 0.0171875
0 0.0359375 0.43125 0.0375 0.034375
0 0.0296875 0.3703125 0.021875 0.01875
0 0.0296875 0.3859375 0.01875 0.01875
0 0.0328125 0.4859375 0.021875 0.015625
0 0.034375 0.5046875 0.021875 0.01875
0 0.0390625 0.46875 0.0109375 0.0109375
0 0.0484375 0.3875 0.0234375 0.0203125
0 0.0578125 0.503125 0.021875 0.0140625
0 0.0609375 0.4796875 0.0171875 0.01875
0 0.0828125 0.3890625 0.028125 0.034375
0 0.1578125 0.5125 0.028125 0.021875
0 0.215625 0.48125 0.0453125 0.04375
0 0.365625 0.5046875 0.021875 0.021875
0 0.4640625 0.484375 0.0359375 0.0546875
0 0.48125 0.54375 0.0125 0.0125
0 0.5578125 0.496875 0.015625 0.0375
0 0.5828125 0.53125 0.0203125 0.021875
0 0.6578125 0.5203125 0.0328125 0.021875
0 0.8203125 0.35 0.334375 0.3015625
0 0.6859375 0.2796875 0.0328125 0.028125
0 0.70625 0.359375 0.021875 0.025
0 0.7140625 0.3140625 0.0234375 0.025
0 0.725 0.4171875 0.0375 0.028125
0 0.715625 0.2796875 0.01875 0.028125
0 0.7234375 0.3125 0.021875 0.025
0 0.7265625 0.35625 0.025 0.028125
0 0.7296875 0.334375 0.01875 0.0203125
0 0.7515625 0.446875 0.05625 0.1109375
0 0.75 0.3125 0.021875 0.028125
0 0.76875 0.325 0.028125 0.028125
0 0.7703125 0.2765625 0.0265625 0.0296875
0 0.79375 0.2203125 0.0359375 0.028125
0 0.803125 0.403125 0.0328125 0.0203125
0 0.803125 0.4265625 0.0265625 0.025
0 0.8296875 0.434375 0.0421875 0.0328125
0 0.8421875 0.3875 0.040625 0.0359375
0 0.853125 0.41875 0.04375 0.0375