0 0.1609375 0.728125 0.0171875 0.0359375
0 0.3109375 0.6109375 0.0125 0.028125
0 0.409375 0.5515625 0.0109375 0.0125
0 0.425 0.5484375 0.009375 0.0140625
0 0.4484375 0.54375 0.0140625 0.015625
0 0.4671875 0.540625 0.015625 0.0140625
0 0.4796875 0.559375 0.00625 0.0078125
0 0.4828125 0.5296875 0.0109375 0.0140625
0 0.515625 0.775 0.0375 0.0109375
0 0.56875 0.6703125 0.0203125 0.0046875
0 0.7328125 0.6765625 0.015625 0.0125
0 0.7921875 0.5984375 0.00625 0.0125
0 0.8171875 0.5921875 0.00625 0.009375
0 0.8234375 0.5828125 0.0078125 0.009375
0 0.834375 0.60625 0.0078125 0.0109375
0 0.8734375 0.596875 0.034375 0.0171875
0 0.890625 0.6109375 0.0109375 0.009375
0 0.91875 0.615625 0.0109375 0.0109375