0 0.7203125 0.771875 0.1203125 0.1
0 0.0125 0.1828125 0.025 0.03125
0 0.040625 0.5828125 0.0796875 0.125
0 0.03125 0.4921875 0.0421875 0.040625
0 0.0359375 0.240625 0.05 0.0390625
0 0.0578125 0.521875 0.071875 0.0375
0 0.1234375 0.23125 0.1546875 0.0765625
0 0.1328125 0.2828125 0.1328125 0.0734375
0 0.115625 0.7546875 0.059375 0.0578125
0 0.115625 0.3359375 0.05625 0.0484375
0 0.234375 0.4421875 0.1515625 0.1
0 0.203125 0.7125 0.0828125 0.071875
0 0.2265625 0.3140625 0.115625 0.05625
0 0.24375 0.3703125 0.0765625 0.0484375
0 0.615625 0.3546875 0.7671875 0.3734375
0 0.296875 0.690625 0.0859375 0.071875
0 0.2984375 0.4265625 0.0828125 0.0953125
0 0.3203125 0.19375 0.1125 0.053125
0 0.3125 0.36875 0.08125 0.0296875
0 0.3796875 0.41875 0.1390625 0.0890625
0 0.3359375 0.81875 0.034375 0.025
0 0.4109375 0.553125 0.109375 0.1015625
0 0.409375 0.4609375 0.0484375 0.0234375
0 0.4546875 0.80625 0.1359375 0.05
0 0.48125 0.5546875 0.171875 0.09375
0 0.465625 0.509375 0.05625 0.046875
0 0.503125 0.7859375 0.0640625 0.0421875
0 0.5859375 0.7875 0.134375 0.0875
0 0.6046875 0.7109375 0.1359375 0.096875
0 0.61875 0.571875 0.1171875 0.0953125
0 0.7125 0.5625 0.1265625 0.09375
0 0.88125 0.5515625 0.1375 0.115625
0 0.834375 0.484375 0.0421875 0.034375
0 0.8765625 0.6421875 0.0609375 0.0546875
0 0.9328125 0.653125 0.1328125 0.1328125
0 0.9828125 0.56875 0.0328125 0.0265625
0 0.9859375 0.696875 0.028125 0.0875