0 0.5921875 0.490625 0.1421875 0.109375
0 0.046875 0.5234375 0.09375 0.1109375
0 0.08125 0.4015625 0.1609375 0.115625
0 0.0984375 0.6515625 0.196875 0.1171875
0 0.240625 0.709375 0.1671875 0.1578125
0 0.2671875 0.575 0.1640625 0.1140625
0 0.3515625 0.33125 0.15625 0.1125
0 0.378125 0.45625 0.1390625 0.1375
0 0.4125 0.69375 0.159375 0.121875
0 0.646875 0.3640625 0.14375 0.140625
0 0.6453125 0.2328125 0.1390625 0.0875
0 0.7359375 0.6125 0.159375 0.1265625
0 0.796875 0.2046875 0.1578125 0.075
0 0.7828125 0.290625 0.125 0.0875
0 0.859375 0.396875 0.1703125 0.121875
0 0.9609375 0.3453125 0.075 0.0921875
0 0.9703125 0.45625 0.0578125 0.1109375