0 0.10625 0.5265625 0.1078125 0.096875
0 0.1375 0.2625 0.075 0.0328125
0 0.159375 0.29375 0.075 0.0375
0 0.4234375 0.4921875 0.1015625 0.078125
0 0.4921875 0.69375 0.1234375 0.1171875
0 0.5421875 0.459375 0.0734375 0.06875
0 0.58125 0.403125 0.1046875 0.0859375
0 0.6453125 0.5875 0.1171875 0.059375
0 0.7484375 0.4125 0.0859375 0.06875
0 0.784375 0.678125 0.0796875 0.0765625
0 0.8625 0.5671875 0.1203125 0.1015625
0 0.89375 0.5984375 0.065625 0.0609375
0 0.94375 0.4421875 0.0671875 0.0453125
0 0.98125 0.4484375 0.0359375 0.053125