0 0.49375 0.5484375 0.490625 0.1765625
0 0.0578125 0.7546875 0.109375 0.065625
0 0.13125 0.609375 0.1765625 0.0890625
0 0.1984375 0.5484375 0.2625 0.1390625
0 0.225 0.2984375 0.1140625 0.0515625
0 0.3765625 0.803125 0.0796875 0.01875
0 0.3875 0.3609375 0.0703125 0.0375
0 0.5171875 0.7390625 0.2109375 0.109375
0 0.6390625 0.43125 0.09375 0.059375
0 0.796875 0.6203125 0.403125 0.19375
0 0.7 0.784375 0.10625 0.05625
0 0.79375 0.3125 0.2125 0.0578125
0 0.753125 0.75 0.0671875 0.0375
0 0.9140625 0.790625 0.134375 0.04375