0 0.0078125 0.3296875 0.015625 0.0234375
0 0.00625 0.2921875 0.0078125 0.0125
0 0.053125 0.4015625 0.0171875 0.0234375
0 0.1375 0.31875 0.025 0.025
0 0.153125 0.3015625 0.0125 0.0171875
0 0.1890625 0.2515625 0.015625 0.0234375
0 0.2046875 0.3046875 0.0265625 0.0265625
0 0.225 0.428125 0.0046875 0.015625
0 0.234375 0.48125 0.0140625 0.028125
0 0.2734375 0.4296875 0.028125 0.028125
0 0.2765625 0.40625 0.0265625 0.028125
0 0.28125 0.25 0.0203125 0.0140625
0 0.284375 0.621875 0.0265625 0.028125
0 0.2859375 0.221875 0.0265625 0.0234375
0 0.2984375 0.46875 0.0265625 0.0328125
0 0.3015625 0.55625 0.03125 0.0328125
0 0.303125 0.275 0.0109375 0.015625
0 0.325 0.2875 0.0265625 0.0296875
0 0.3171875 0.1953125 0.0109375 0.0109375
0 0.446875 0.225 0.01875 0.0171875
0 0.465625 0.30625 0.0265625 0.0234375
0 0.478125 0.253125 0.021875 0.025
0 0.5109375 0.228125 0.0296875 0.0421875
0 0.5375 0.190625 0.034375 0.0359375
0 0.5765625 0.1734375 0.03125 0.0109375
0 0.6046875 0.2671875 0.0296875 0.0265625
0 0.6140625 0.2484375 0.0359375 0.0296875
0 0.628125 0.378125 0.0125 0.00625
0 0.6671875 0.3125 0.028125 0.0078125
0 0.734375 0.26875 0.0234375 0.009375
0 0.8171875 0.190625 0.0296875 0.0234375
0 0.815625 0.4203125 0.0109375 0.0109375
0 0.8359375 0.30625 0.03125 0.0375
0 0.8453125 0.4140625 0.0125 0.00625
0 0.85 0.2109375 0.0234375 0.0453125
0 0.875 0.196875 0.021875 0.028125
0 0.8875 0.2234375 0.028125 0.0203125
0 0.925 0.29375 0.03125 0.028125
0 0.953125 0.2265625 0.0265625 0.0453125
0 0.9796875 0.228125 0.01875 0.0375
0 0.9875 0.275 0.0234375 0.0328125