0 0.328125 0.484375 0.0890625 0.05625
0 0.1734375 0.95625 0.065625 0.0484375
0 0.1859375 0.3 0.05625 0.040625
0 0.203125 0.4671875 0.075 0.0640625
0 0.1984375 0.890625 0.025 0.015625
0 0.2140625 0.909375 0.028125 0.0109375
0 0.265625 0.559375 0.1046875 0.09375
0 0.2453125 0.484375 0.0296875 0.0265625
0 0.346875 0.6265625 0.19375 0.0765625
0 0.29375 0.878125 0.009375 0.0140625
0 0.3046875 0.7765625 0.0265625 0.0421875
0 0.3046875 0.934375 0.025 0.0109375
0 0.334375 0.9515625 0.0265625 0.01875
0 0.3984375 0.3140625 0.021875 0.046875
0 0.48125 0.3296875 0.0671875 0.0453125
0 0.696875 0.403125 0.0828125 0.1125
0 0.7125 0.571875 0.05625 0.05
0 0.78125 0.071875 0.0109375 0.0140625
0 0.8234375 0.1828125 0.0359375 0.04375