0 0.3359375 0.49375 0.0875 0.06875
0 0.0203125 0.6640625 0.040625 0.0890625
0 0.0375 0.7109375 0.0421875 0.06875
0 0.0453125 0.6390625 0.04375 0.0390625
0 0.0875 0.684375 0.0546875 0.040625
0 0.121875 0.4453125 0.059375 0.065625
0 0.159375 0.3265625 0.0625 0.0703125
0 0.184375 0.49375 0.071875 0.078125
0 0.1921875 0.578125 0.078125 0.05
0 0.203125 0.3484375 0.0734375 0.071875
0 0.196875 0.69375 0.021875 0.0328125
0 0.2265625 0.4625 0.040625 0.0359375
0 0.2453125 0.59375 0.05625 0.071875
0 0.2734375 0.628125 0.096875 0.09375
0 0.35 0.6125 0.0703125 0.059375
0 0.45625 0.696875 0.04375 0.0546875
0 0.478125 0.74375 0.0484375 0.025