0 0.275 0.7484375 0.5484375 0.1640625
0 0.559375 0.7671875 0.01875 0.009375
0 0.5609375 0.73125 0.021875 0.03125
0 0.5734375 0.8046875 0.0203125 0.0125
0 0.58125 0.7578125 0.025 0.015625
0 0.5953125 0.7625 0.01875 0.0125
0 0.6 0.796875 0.0171875 0.0140625
0 0.609375 0.78125 0.0109375 0.021875
0 0.609375 0.7640625 0.009375 0.00625
0 0.6234375 0.8171875 0.01875 0.0109375
0 0.6328125 0.75 0.0140625 0.009375
0 0.653125 0.8140625 0.034375 0.0203125
0 0.64375 0.76875 0.0125 0.0140625
0 0.65 0.715625 0.0234375 0.0203125
0 0.6546875 0.7515625 0.0125 0.009375
0 0.665625 0.79375 0.0140625 0.0140625
0 0.6921875 0.7375 0.0171875 0.00625
0 0.69375 0.8203125 0.0171875 0.021875
0 0.690625 0.7546875 0.0125 0.01875
0 0.7046875 0.7921875 0.0125 0.009375
0 0.7109375 0.8015625 0.01875 0.0125
0 0.7171875 0.81875 0.0296875 0.01875
0 0.7203125 0.778125 0.0171875 0.0234375
0 0.7390625 0.740625 0.01875 0.009375
0 0.7421875 0.7796875 0.009375 0.00625
0 0.74375 0.8140625 0.0109375 0.0125
0 0.7609375 0.796875 0.0109375 0.0140625
0 0.7640625 0.7765625 0.0140625 0.0140625
0 0.765625 0.7328125 0.0125 0.009375
0 0.76875 0.8265625 0.0171875 0.0078125
0 0.775 0.79375 0.0109375 0.0140625
0 0.7921875 0.75 0.0125 0.0109375
0 0.7953125 0.7734375 0.0140625 0.0140625
0 0.8 0.8125 0.01875 0.015625
0 0.821875 0.81875 0.0140625 0.009375
0 0.828125 0.7890625 0.0265625 0.021875
0 0.8390625 0.815625 0.0109375 0.0125
0 0.859375 0.7796875 0.0109375 0.0140625
0 0.8625 0.7390625 0.015625 0.0140625
0 0.8671875 0.7890625 0.015625 0.0140625
0 0.8796875 0.8078125 0.0265625 0.0296875
0 0.878125 0.7421875 0.015625 0.0140625
0 0.925 0.79375 0.025 0.028125
0 0.9234375 0.728125 0.01875 0.015625
0 0.9453125 0.8203125 0.025 0.021875
0 0.94375 0.709375 0.0125 0.0125
0 0.9515625 0.725 0.0140625 0.0109375
0 0.9765625 0.78125 0.015625 0.0125
0 0.978125 0.7890625 0.0125 0.0140625
0 0.99375 0.7828125 0.0109375 0.0171875