0 0.54375 0.4984375 0.040625 0.0453125
0 0.5546875 0.5296875 0.015625 0.0171875
0 0.5828125 0.534375 0.03125 0.0390625
0 0.5859375 0.3765625 0.0234375 0.0296875
0 0.603125 0.44375 0.0421875 0.040625
0 0.6125 0.4921875 0.046875 0.0265625
0 0.64375 0.475 0.040625 0.0171875
0 0.646875 0.390625 0.0421875 0.040625
0 0.65 0.434375 0.0328125 0.0296875
0 0.6828125 0.4578125 0.021875 0.0203125
0 0.7015625 0.3328125 0.0421875 0.0453125
0 0.7046875 0.3859375 0.04375 0.0390625
0 0.7125 0.434375 0.028125 0.03125
0 0.7578125 0.465625 0.071875 0.04375
0 0.7609375 0.3734375 0.04375 0.040625
0 0.7859375 0.421875 0.0859375 0.046875
0 0.76875 0.34375 0.025 0.025
0 0.790625 0.3625 0.028125 0.0328125