0 0.0328125 0.4796875 0.009375 0.00625
0 0.0328125 0.4125 0.003125 0.00625
0 0.06875 0.65625 0.0078125 0.0046875
0 0.0828125 0.4203125 0.009375 0.00625
0 0.1328125 0.628125 0.0953125 0.0640625
0 0.1015625 0.4640625 0.009375 0.0078125
0 0.1109375 0.4640625 0.0109375 0.009375
0 0.1171875 0.4765625 0.0109375 0.009375
0 0.1734375 0.4640625 0.015625 0.009375
0 0.184375 0.4859375 0.003125 0.003125
0 0.1890625 0.4671875 0.0046875 0.0046875
0 0.1953125 0.5109375 0.0125 0.009375
0 0.1953125 0.484375 0.003125 0.0015625
0 0.4453125 0.496875 0.434375 0.21875
0 0.5375 0.4859375 0.009375 0.0078125
0 0.5578125 0.40625 0.0078125 0.0078125
0 0.5625 0.4359375 0.0078125 0.0109375
0 0.5734375 0.4109375 0.00625 0.0078125
0 0.5796875 0.41875 0.0078125 0.009375
0 0.8390625 0.575 0.2765625 0.1109375
0 0.746875 0.4578125 0.046875 0.0421875