0 0.140625 0.6328125 0.1140625 0.13125
0 0.025 0.315625 0.0484375 0.078125
0 0.0640625 0.3984375 0.0859375 0.06875
0 0.06875 0.4671875 0.0765625 0.0734375
0 0.096875 0.321875 0.109375 0.1046875
0 0.1046875 0.565625 0.0984375 0.0984375
0 0.1359375 0.5265625 0.0984375 0.1015625
0 0.134375 0.3703125 0.0734375 0.0625
0 0.1453125 0.4375 0.090625 0.084375
0 0.146875 0.3375 0.078125 0.0640625
0 0.1875 0.478125 0.0796875 0.0796875
0 0.1984375 0.290625 0.0953125 0.078125
0 0.2 0.3765625 0.075 0.0890625
0 0.240625 0.45625 0.065625 0.0765625
0 0.240625 0.3796875 0.0515625 0.0703125
0 0.25625 0.3109375 0.078125 0.0765625
0 0.2890625 0.38125 0.06875 0.0828125
0 0.3265625 0.34375 0.0765625 0.053125
0 0.3234375 0.30625 0.0671875 0.046875
0 0.3375 0.4140625 0.0546875 0.0875
0 0.375 0.4046875 0.046875 0.0765625
0 0.5171875 0.5140625 0.0953125 0.0828125
0 0.5828125 0.5546875 0.0796875 0.0984375
0 0.64375 0.559375 0.05625 0.0953125
0 0.65625 0.521875 0.046875 0.0828125