0 0.5921875 0.7 0.065625 0.0703125
0 0.0234375 0.2984375 0.046875 0.1140625
0 0.025 0.734375 0.05 0.071875
0 0.1390625 0.2640625 0.1453125 0.1921875
0 0.175 0.5296875 0.2 0.1046875
0 0.1703125 0.6765625 0.034375 0.0390625
0 0.2734375 0.6625 0.134375 0.1359375
0 0.26875 0.471875 0.1109375 0.0703125
0 0.2546875 0.3765625 0.0421875 0.059375
0 0.4078125 0.7359375 0.3125 0.1953125
0 0.3265625 0.51875 0.053125 0.046875
0 0.3359375 0.3671875 0.0671875 0.0375
0 0.6015625 0.5421875 0.58125 0.290625
0 0.3328125 0.4 0.04375 0.034375
0 0.340625 0.175 0.0265625 0.0140625
0 0.3609375 0.5984375 0.021875 0.015625
0 0.384375 0.5703125 0.0625 0.04375
0 0.3640625 0.209375 0.0171875 0.0203125
0 0.3734375 0.628125 0.0328125 0.0171875
0 0.409375 0.25625 0.0703125 0.178125
0 0.4234375 0.378125 0.0390625 0.028125
0 0.490625 0.2078125 0.0390625 0.0296875
0 0.5390625 0.346875 0.0265625 0.025
0 0.546875 0.38125 0.025 0.0140625
0 0.553125 0.3734375 0.0125 0.0171875
0 0.58125 0.3828125 0.0234375 0.01875
0 0.65 0.2875 0.1 0.240625
0 0.634375 0.7109375 0.0234375 0.0234375
0 0.6765625 0.734375 0.025 0.021875
0 0.753125 0.746875 0.08125 0.071875
0 0.8734375 0.7 0.25 0.165625
0 0.89375 0.26875 0.125 0.203125
0 0.871875 0.7984375 0.059375 0.053125
0 0.940625 0.45 0.1171875 0.3
0 0.971875 0.2390625 0.0546875 0.0765625
0 0.98125 0.60625 0.034375 0.075