0 0.2421875 0.546875 0.4796875 0.275
0 0.2234375 0.31875 0.025 0.0203125
0 0.275 0.3015625 0.0203125 0.025
0 0.290625 0.275 0.01875 0.0234375
0 0.30625 0.3546875 0.0203125 0.028125
0 0.3109375 0.3234375 0.015625 0.0203125
0 0.3625 0.234375 0.0203125 0.0203125
0 0.746875 0.328125 0.503125 0.3359375
0 0.70625 0.5828125 0.0203125 0.025
0 0.7125 0.55625 0.01875 0.01875
0 0.7359375 0.584375 0.025 0.021875
0 0.7484375 0.5578125 0.028125 0.0203125
0 0.7640625 0.590625 0.0125 0.0125
0 0.796875 0.596875 0.03125 0.01875
0 0.8015625 0.553125 0.0375 0.0390625