0 0.0078125 0.728125 0.0140625 0.021875
0 0.0140625 0.7015625 0.0265625 0.028125
0 0.0265625 0.6578125 0.04375 0.028125
0 0.015625 0.5125 0.0125 0.0203125
0 0.1890625 0.6578125 0.0203125 0.0296875
0 0.1859375 0.509375 0.009375 0.0125
0 0.2078125 0.65 0.025 0.0234375
0 0.240625 0.65 0.0203125 0.03125
0 0.246875 0.6140625 0.0265625 0.0203125
0 0.2859375 0.6265625 0.0265625 0.025
0 0.2921875 0.6078125 0.0265625 0.0203125
0 0.29375 0.653125 0.0265625 0.0296875
0 0.3078125 0.6078125 0.0203125 0.025
0 0.315625 0.659375 0.0203125 0.03125
0 0.3234375 0.646875 0.01875 0.0234375
0 0.3484375 0.5125 0.00625 0.0078125
0 0.4375 0.5515625 0.0109375 0.0171875
0 0.4546875 0.546875 0.009375 0.0109375
0 0.4703125 0.5484375 0.0171875 0.015625
0 0.4921875 0.5078125 0.009375 0.0125
0 0.5171875 0.5171875 0.021875 0.01875
0 0.5859375 0.5125 0.0171875 0.0125
0 0.6328125 0.490625 0.04375 0.015625
0 0.665625 0.478125 0.01875 0.0140625
0 0.8703125 0.515625 0.009375 0.0078125