0 0.4578125 0.8171875 0.0703125 0.0984375
0 0.203125 0.7984375 0.075 0.05625
0 0.2140625 0.0796875 0.0953125 0.1578125
0 0.253125 0.3546875 0.1734375 0.3734375
0 0.2125 0.8421875 0.040625 0.0421875
0 0.225 0.6125 0.0515625 0.071875
0 0.2875 0.8359375 0.059375 0.0625
0 0.340625 0.6953125 0.121875 0.109375
0 0.3265625 0.89375 0.084375 0.0921875
0 0.328125 0.984375 0.0796875 0.028125
0 0.4640625 0.1015625 0.3140625 0.203125
0 0.3578125 0.8140625 0.0890625 0.078125
0 0.3609375 0.2140625 0.0734375 0.0703125
0 0.3828125 0.296875 0.1171875 0.084375
0 0.3640625 0.3703125 0.0390625 0.0578125
0 0.3953125 0.4390625 0.0953125 0.11875
0 0.3875 0.51875 0.0515625 0.046875
0 0.4484375 0.51875 0.0546875 0.078125
0 0.6046875 0.74375 0.2953125 0.509375
0 0.75625 0.128125 0.14375 0.25625
0 0.7796875 0.5546875 0.1078125 0.2390625
0 0.778125 0.846875 0.090625 0.13125
0 0.7609375 0.3703125 0.0484375 0.046875
0 0.7984375 0.7359375 0.040625 0.028125