0 0.83125 0.5734375 0.084375 0.075
0 0.015625 0.36875 0.03125 0.0484375
0 0.046875 0.4921875 0.0921875 0.078125
0 0.0421875 0.3421875 0.0421875 0.0390625
0 0.1046875 0.5609375 0.071875 0.0515625
0 0.115625 0.4171875 0.071875 0.05625
0 0.1609375 0.5734375 0.05 0.0578125
0 0.1703125 0.503125 0.059375 0.04375
0 0.1640625 0.36875 0.0359375 0.0421875
0 0.203125 0.3734375 0.0375 0.04375
0 0.2078125 0.4078125 0.0375 0.03125
0 0.234375 0.36875 0.04375 0.0390625
0 0.2921875 0.375 0.0484375 0.0390625
0 0.296875 0.4125 0.05625 0.0421875
0 0.640625 0.571875 0.0921875 0.0578125